/*--------------------------------*- C++ -*----------------------------------*\
| =========                 |                                                 |
| \      /  F ield         | OpenFOAM: The Open Source CFD Toolbox           |
|  \    /   O peration     |                                                 |
|   \  /    A nd           |                                                 |
|    \/     M anipulation  |                                                 |
\*---------------------------------------------------------------------------*/
FoamFile
{
    version     2.0;
    format      ascii;
    class       dictionary;
    location    "system";
    object      blockMeshDict;
}
// * * * * * * * * * * * * * * * * * * * * * * * * * * * * * * * * * * * * * //

convertToMeters 0.01;

vertices
(
    (0 0 0)
    (1 0 0)
    (2 0 0)
    (22 0 0)
    (23 0 0)
    (25 0 0)
    (0 1 0)
    (1 1 0)
    (2 1 0)
    (22 1 0)
    (23 1 0)
    (25 1 0)
    (0 2.5 0)
    (1 2.5 0)
    (2 2.5 0)
    (22 2.5 0)
    (23 2.5 0)
    (25 2.5 0)
    (0 22 0)
    (1 22 0)
    (2 22 0)
    (22 22 0)
    (23 22 0)
    (25 22 0)
    (0 23.5 0)
    (1 23.5 0)
    (2 23.5 0)
    (22 23.5 0)
    (23 23.5 0)
    (25 23.5 0)
    (0 25 0)
    (1 25 0)
    (2 25 0)
    (22 25 0)
    (23 25 0)
    (25 25 0)
    (0 0 30)
    (1 0 30)
    (2 0 30)
    (22 0 30)
    (23 0 30)
    (25 0 30)
    (0 1 30)
    (1 1 30)
    (2 1 30)
    (22 1 30)
    (23 1 30)
    (25 1 30)
    (0 2.5 30)
    (1 2.5 30)
    (2 2.5 30)
    (22 2.5 30)
    (23 2.5 30)
    (25 2.5 30)
    (0 22 30)
    (1 22 30)
    (2 22 30)
    (22 22 30)
    (23 22 30)
    (25 22 30)
    (0 23.5 30)
    (1 23.5 30)
    (2 23.5 30)
    (22 23.5 30)
    (23 23.5 30)
    (25 23.5 30)
    (0 25 30)
    (1 25 30)
    (2 25 30)
    (22 25 30)
    (23 25 30)
    (25 25 30)
);

blocks
(
    hex (0 1 7 6 36 37 43 42)
    (4 4 90)
    simpleGrading (1 1 1)

    hex (6 7 13 12 42 43 49 48)
    (4 5 90)
    simpleGrading (1 1 1)

    hex (12 13 19 18 48 49 55 54)
    (4 56 90)
    simpleGrading (1 1 1)

    hex (18 19 25 24 54 55 61 60)
    (4 5 90)
    simpleGrading (1 1 1)

    hex (24 25 31 30 60 61 67 66)
    (4 5 90)
    simpleGrading (1 1 1)

    hex (1 2 8 7 37 38 44 43)
    (4 4 90)
    simpleGrading (1 1 1)

    hex (7 8 14 13 43 44 50 49)
    (4 5 90)
    simpleGrading (1 1 1)

    hex (13 14 20 19 49 50 56 55)
    (4 56 90)
    simpleGrading (1 1 1)

    hex (19 20 26 25 55 56 62 61)
    (4 5 90)
    simpleGrading (1 1 1)

    hex (25 26 32 31 61 62 68 67)
    (4 5 90)
    simpleGrading (1 1 1)

    hex (2 3 9 8 38 39 45 44)
    (57 4 90)
    simpleGrading (1 1 1)

    hex (8 9 15 14 44 45 51 50)
    (57 5 90)
    simpleGrading (1 1 1)

    hex (14 15 21 20 50 51 57 56)
    (57 56 90)
    simpleGrading (1 1 1)

    hex (20 21 27 26 56 57 63 62)
    (57 5 90)
    simpleGrading (1 1 1)

    hex (26 27 33 32 62 63 69 68)
    (57 5 90)
    simpleGrading (1 1 1)

    hex (3 4 10 9 39 40 46 45)
    (4 4 90)
    simpleGrading (1 1 1)

    hex (9 10 16 15 45 46 52 51)
    (4 5 90)
    simpleGrading (1 1 1)

    hex (15 16 22 21 51 52 58 57)
    (4 56 90)
    simpleGrading (1 1 1)

    hex (21 22 28 27 57 58 64 63)
    (4 5 90)
    simpleGrading (1 1 1)

    hex (27 28 34 33 63 64 70 69)
    (4 5 90)
    simpleGrading (1 1 1)

    hex (4 5 11 10 40 41 47 46)
    (6 4 90)
    simpleGrading (1 1 1)

    hex (10 11 17 16 46 47 53 52)
    (6 5 90)
    simpleGrading (1 1 1)

    hex (16 17 23 22 52 53 59 58)
    (6 56 90)
    simpleGrading (1 1 1)

    hex (22 23 29 28 58 59 65 64)
    (6 5 90)
    simpleGrading (1 1 1)

    hex (28 29 35 34 64 65 71 70)
    (6 5 90)
    simpleGrading (1 1 1)

);

edges
(
);

boundary
(
    inlet
    {
        type patch;
        faces
        (
            (7 8 14 13)
        );
    }
    outlet
    {
        type patch;
        faces
        (
            (57 58 64 63)
        );
    }
    wall
    {
        type wall;
        faces
        (
            (0 6 42 36)
            (0 1 7 6)
            (36 37 43 42)
            (6 12 48 42)
            (6 7 13 12)
            (42 43 49 48)
            (12 18 54 48)
            (12 13 19 18)
            (48 49 55 54)
            (18 24 60 54)
            (18 19 25 24)
            (54 55 61 60)
            (24 30 66 60)
            (24 25 31 30)
            (60 61 67 66)
            (1 2 8 7)
            (37 38 44 43)
            (43 44 50 49)
            (13 14 20 19)
            (49 50 56 55)
            (19 20 26 25)
            (55 56 62 61)
            (25 26 32 31)
            (61 62 68 67)
            (2 3 9 8)
            (38 39 45 44)
            (8 9 15 14)
            (44 45 51 50)
            (14 15 21 20)
            (50 51 57 56)
            (20 21 27 26)
            (56 57 63 62)
            (26 27 33 32)
            (62 63 69 68)
            (3 4 10 9)
            (39 40 46 45)
            (9 10 16 15)
            (45 46 52 51)
            (15 16 22 21)
            (51 52 58 57)
            (21 22 28 27)
            (27 28 34 33)
            (63 64 70 69)
            (5 41 47 11)
            (4 5 11 10)
            (40 41 47 46)
            (11 47 53 17)
            (10 11 17 16)
            (46 47 53 52)
            (17 53 59 23)
            (16 17 23 22)
            (52 53 59 58)
            (23 59 65 29)
            (22 23 29 28)
            (58 59 65 64)
            (29 65 71 35)
            (28 29 35 34)
            (64 65 71 70)
        );
    }
    force
    {
        type patch;
        faces
        (
            (30 31 67 66)
            (31 32 68 67)
            (32 33 69 68)
            (33 34 70 69)
            (34 35 71 70)
        );
    }
    sym
    {
        type symmetry;
        faces
        (
            (0 1 37 36)
            (1 2 38 37)
            (2 3 39 38)
            (3 4 40 39)
            (4 5 41 40)
        );
    }
);

mergePatchPairs
(
);

// flow axis: z (index 2)
// inlet face: min
// outlet face: max
// inlet window local origin mm: (10.0, 10.0) size mm: (10.0, 15.0)
// outlet window local origin mm: (220.0, 220.0) size mm: (10.0, 15.0)
// wall: transverse pair 1, sym/force: transverse pair 2

// ************************************************************************* //
