1.34259
1.3012
1.36096
1.39833
1.43825
1.4815
1.52816
1.55133
1.57342
1.62891
1.68758
1.71553
1.74154
1.80934
1.87911
1.95086
2.02424
2.10009
2.14455
2.22221
2.30505
2.35705
2.44396
2.5022
2.59393
2.65629
2.71934
2.80638
2.87524
2.97643
3.0856
3.16039
3.23588
3.34882
3.43062
3.53333
3.64677
3.73759
3.85797
3.95903
4.08428
3.7279
3.86393
4.00954
3.79568
3.85839
3.93141
4.001
3.80126
3.87776
3.96671
4.0658
3.86118
3.96906
4.08204
3.91169
4.01704
3.92978
4.04457
3.99306
4.09797
4.03266
3.98308
4.09091
4.03194
3.95405
4.07399
3.99942
4.10846
4.00869
3.88439
3.99441
4.10753
3.9185
4.02631
3.82791
3.93117
4.12746
3.70393
3.68739
3.71532
3.75042
3.86372
3.94032
4.05577
3.56038
3.60792
3.6949
3.64811
3.61725
3.63092
3.63298
3.65649
3.68213
3.70688
3.72484
3.74515
3.78333
3.82192
3.85753
3.8788
3.87642
3.89867
3.91291
3.93574
3.95747
3.97062
3.98261
3.97995
4.0023
2.74225
2.73862
2.7374
2.73366
2.72988
2.72751
2.72748
2.72518
2.71987
2.71232
2.71149
2.70813
2.70214
2.69649
2.69197
2.68769
2.68102
2.67445
2.66796
2.65914
2.6558
2.64959
2.64269
2.63309
2.62627
2.61937
2.61501
2.60769
2.59728
2.59242
2.58469
2.57686
2.56599
2.56055
2.5523
2.54396
2.53271
2.52672
2.51795
2.51151
2.50218
2.49329
2.48179
2.47499
2.46522
2.45606
2.44431
2.43707
2.42688
2.41684
2.40923
2.39906
2.38924
2.37688
2.35589
2.3361
2.326
2.31597
2.30476
2.28415
2.275
2.26579
2.25408
2.23304
2.21341
2.20255
2.19172
2.17955
2.15946
2.14938
2.13064
2.12044
2.10694
2.08841
2.07707
2.06591
2.05486
2.04228
2.02326
2.01282
2.00236
1.98178
1.97048
1.95006
1.93948
1.92071
1.90946
1.89824
1.88709
1.86705
1.85843
1.84791
1.83753
1.82723
1.80729
1.78897
1.77035
1.7514
1.7336
1.7137
1.69535
1.67697
1.66013
1.64189
1.62529
1.60711
1.59016
1.57303
1.55576
1.53865
1.52301
1.50579
1.49054
1.47536
1.4603
1.44535
1.43051
1.41566
1.40087
1.3872
1.36884
1.35064
1.33388
1.31758
1.30041
1.28451
1.26885
1.25392
1.24498
1.23534
1.22643
1.21757
1.20776
1.1995
1.19052
1.18274
1.17465
1.16574
1.15771
1.14936
1.1421
1.13511
1.12696
1.1197
1.11238
1.10484
1.0983
1.09202
1.08515
1.07864
1.07143
1.06532
1.0594
1.05307
1.04762
1.04176
1.03525
1.02971
1.02434
1.01863
1.01329
1.0073
1.00182
0.996331
0.990832
0.986135
0.981739
0.976923
0.972213
0.967492
0.962033
0.957706
0.953558
0.949173
0.944923
0.940612
0.935606
0.93154
0.926862
0.922566
0.91869
0.914172
0.910015
0.906571
0.902928
0.900057
0.896486
0.892294
0.888411
0.884494
0.881053
0.878401
0.876018
0.872712
0.87024
0.867137
0.863365
0.859838
0.856878
0.853192
0.850717
0.848692
0.846567
0.843776
0.840625
0.836942
0.833581
0.8302
0.828123
0.826282
0.824304
0.822918
0.820106
0.817123
0.813909
0.811782
0.810642
0.808931
0.80787
0.805331
0.800535
0.79586
0.794042
0.791656
0.790227
0.789128
0.78587
0.783041
