39.4061
39.3434
39.0828
38.9761
38.8823
38.7959
38.7144
38.6419
38.5728
38.5056
38.4423
38.3824
38.3245
38.2736
38.2266
38.1832
38.1443
38.1096
38.0629
38.0306
38.0075
37.9637
37.947
37.91
37.9004
37.8649
37.8197
37.7994
37.7616
37.7711
37.7799
37.7373
37.6893
37.7102
37.6597
37.5853
37.5812
37.5094
37.5502
37.4711
37.5399
37.6108
37.6639
37.7125
37.7769
37.7225
37.6576
37.582
37.7017
37.6253
37.5358
37.4451
37.7151
37.6272
37.5137
37.9386
38.0179
38.4843
38.5595
39.0914
39.0319
39.8131
40.7224
40.6621
41.9428
43.6474
43.8262
45.935
45.9314
48.7642
52.4538
52.8033
52.8596
58.2318
58.6727
64.8977
65.0266
62.4903
69.953
70.6886
70.6066
70.4871
69.9404
69.439
69.6563
78.5079
78.2004
77.6428
78.5869
79.5807
80.1325
80.4244
80.8374
80.8443
80.815
81.2315
81.6429
81.9337
81.842
81.753
82.16
82.5732
82.9575
83.0745
83.1416
83.1924
83.5711
83.9714
84.5348
84.6261
117.98
118.511
118.827
119.44
120.068
120.421
120.753
121.074
121.691
122.32
122.667
122.998
123.613
124.231
124.597
124.939
125.557
126.187
126.814
127.439
127.816
128.19
128.8
129.44
130.049
130.46
130.835
131.447
132.09
132.488
132.895
133.507
134.154
134.562
134.98
135.596
136.245
136.663
137.095
137.514
137.946
138.568
139.225
139.648
140.094
140.719
141.38
141.812
142.273
142.732
143.17
143.63
144.264
144.932
146.339
147.73
148.37
149.011
149.515
150.759
151.249
151.738
152.256
153.651
155.025
155.676
156.323
156.863
158.11
158.639
159.857
160.391
161.096
162.403
163.066
163.699
164.349
164.924
166.149
166.718
167.267
168.613
169.288
170.521
171.104
172.318
172.997
173.649
174.282
175.576
176.096
176.676
177.267
177.86
179.122
180.339
181.556
182.775
183.947
185.19
186.355
187.508
188.599
189.754
190.844
192.021
193.107
194.183
195.249
196.301
197.282
198.342
199.324
200.331
201.352
202.377
203.399
204.422
205.441
206.286
207.429
208.573
209.601
210.605
211.71
212.724
213.707
214.75
215.459
216.25
216.88
217.492
218.189
218.84
219.595
220.256
220.851
221.521
222.091
222.815
223.445
224.071
224.73
225.265
225.799
226.499
227.1
227.693
228.4
228.916
229.515
230.116
230.718
231.394
231.969
232.432
232.983
233.568
234.156
234.82
235.231
235.738
236.152
236.557
237.184
237.7
238.19
238.792
239.174
239.542
240.053
240.552
241.038
241.605
241.938
242.278
242.768
243.051
243.472
243.834
244.108
244.542
244.913
245.318
245.786
246.085
246.374
246.854
247.256
247.643
248.117
248.381
248.593
249.069
249.36
249.619
250.098
250.514
250.755
251.216
251.527
251.7
251.913
252.14
252.532
253.133
253.59
254.05
254.292
254.471
254.654
254.701
255.043
255.505
256.08
256.427
256.403
256.513
256.466
256.794
257.399
258.018
258.316
258.124
258.186
258.178
258.295
259.037
