# x_mm  y_mm  z_mm  dx_mm  dy_mm  dz_mm
-0.8000 -0.8000 -0.8000 -0.0173392 0.00378749 -0.00935928
-0.8000 -0.8000 1.2000 0.0236934 0.00465207 0.00844035
-0.8000 -0.8000 3.2000 -0.00138147 -0.00725322 -0.00282643
-0.8000 -0.8000 5.2000 0.00291969 -0.00902726 0.000621933
-0.8000 -0.8000 7.2000 0.00238802 -0.00692217 0.00248105
-0.8000 -0.8000 9.2000 0.000396924 -0.00609595 0.0086262
-0.8000 -0.8000 11.2000 0.00320961 0.0104034 -0.00274563
-0.8000 1.2000 -0.8000 0.0111057 0.00890787 0.0215344
-0.8000 1.2000 1.2000 0.0125234 -0.0146876 0.0086397
-0.8000 1.2000 3.2000 -0.00349951 -0.0286003 0.00076927
-0.8000 1.2000 5.2000 0.00423902 -0.0291544 0.00564695
-0.8000 1.2000 7.2000 0.00557654 -0.0266943 0.00850489
-0.8000 1.2000 9.2000 0.00200645 -0.0207784 0.0125361
-0.8000 1.2000 11.2000 0.0038484 -0.0161513 0.0137576
-0.8000 3.2000 -0.8000 -0.00454148 0.00299328 0.00086073
-0.8000 3.2000 1.2000 0.00233532 -0.00258498 -0.00228259
-0.8000 3.2000 3.2000 -0.00569411 -0.00457876 -0.00535895
-0.8000 3.2000 5.2000 8.21537e-05 -0.00172695 -0.00382574
-0.8000 3.2000 7.2000 0.000376769 -0.00108264 -0.0028183
-0.8000 3.2000 9.2000 -0.00258475 0.000300576 -0.00263659
-0.8000 3.2000 11.2000 -0.000849647 0.000617646 -0.000938883
-0.8000 5.2000 -0.8000 -0.00120016 -0.00485948 0.00536704
-0.8000 5.2000 1.2000 0.00992932 0.00351648 0.00375754
-0.8000 5.2000 3.2000 0.00190137 0.00153201 0.00268047
-0.8000 5.2000 5.2000 0.0032893 0.00205349 0.00236399
-0.8000 5.2000 7.2000 0.00243742 0.000955141 0.00193524
-0.8000 5.2000 9.2000 -0.000497892 0.000851639 4.58011e-05
-0.8000 5.2000 11.2000 0.00893499 -0.00181665 0.00713149
1.2000 -0.8000 -0.8000 -0.0866321 -0.0706785 -0.100605
1.2000 -0.8000 1.2000 -0.0231095 0.0105565 -0.0322748
1.2000 -0.8000 3.2000 -0.0277869 0.0760808 -0.0314732
1.2000 -0.8000 5.2000 -0.00595395 0.107067 -0.020685
1.2000 -0.8000 7.2000 -0.0191246 0.103438 -0.0543686
1.2000 -0.8000 9.2000 -0.0109467 0.0651491 -0.0781868
1.2000 -0.8000 11.2000 -0.00773108 0.0335073 -0.0452052
1.2000 1.2000 -0.8000 -0.0420641 -0.0460136 -0.0585447
1.2000 1.2000 1.2000 0.0580101 0.0974119 0.0672848
1.2000 1.2000 3.2000 0.040731 0.127451 0.0642105
1.2000 1.2000 5.2000 -0.0397391 0.0553625 -0.00345934
1.2000 1.2000 7.2000 -0.0243463 0.0701961 0.0204435
1.2000 1.2000 9.2000 0.0010413 0.0485565 -0.01621
1.2000 1.2000 11.2000 -0.00339771 0.00508504 -0.0136153
1.2000 3.2000 -0.8000 -0.0192697 -0.0121646 -0.0365567
1.2000 3.2000 1.2000 0.0185588 0.0293766 -0.000643272
1.2000 3.2000 3.2000 0.00806054 0.0385448 0.0193225
1.2000 3.2000 5.2000 -0.0192955 0.0199175 0.00142162
1.2000 3.2000 7.2000 -0.0102619 0.0271856 0.00895095
1.2000 3.2000 9.2000 -0.00057375 0.0195368 -0.0060347
1.2000 3.2000 11.2000 -0.00407595 0.00858454 -0.0109115
1.2000 5.2000 -0.8000 -0.00573106 0.00204134 0.00211167
1.2000 5.2000 1.2000 -0.0019769 -0.00330162 -0.00513639
1.2000 5.2000 3.2000 -0.00974113 -0.00541695 -0.00836088
1.2000 5.2000 5.2000 0.00041872 0.000158487 -0.00286248
1.2000 5.2000 7.2000 -2.6811e-05 0.000296996 -0.00248817
1.2000 5.2000 9.2000 -0.00346047 0.00132708 -0.00240765
1.2000 5.2000 11.2000 -0.000528506 0.00153082 9.84605e-05
3.2000 -0.8000 -0.8000 0.0138706 0.14839 0.1575
3.2000 -0.8000 1.2000 0.126293 -0.136407 0.151361
3.2000 -0.8000 3.2000 -0.0368563 -0.141872 -0.0410671
3.2000 -0.8000 5.2000 0.0449455 -0.146341 0.0965923
3.2000 -0.8000 7.2000 0.109913 -0.147286 0.141969
3.2000 -0.8000 9.2000 0.0105994 -0.140605 0.142268
3.2000 -0.8000 11.2000 0.0114303 -0.0335946 0.0777442
3.2000 1.2000 -0.8000 -0.0878658 0.146498 0.160245
3.2000 1.2000 1.2000 0.123363 0.0291368 0.15001
3.2000 1.2000 3.2000 0.139515 0.0783897 0.132064
3.2000 1.2000 5.2000 0.0374899 -0.149145 -0.123869
3.2000 1.2000 7.2000 0.150739 -0.150323 0.140476
3.2000 1.2000 9.2000 0.12517 -0.13878 0.142226
3.2000 1.2000 11.2000 0.0106926 -0.0809267 0.0933497
3.2000 3.2000 -0.8000 -0.0329051 -0.0548926 -0.0647261
3.2000 3.2000 1.2000 0.11695 0.075862 0.0924591
3.2000 3.2000 3.2000 0.102736 0.126456 0.107238
3.2000 3.2000 5.2000 0.00149201 0.0565135 -0.0100753
3.2000 3.2000 7.2000 0.0120816 0.06694 0.00631286
3.2000 3.2000 9.2000 0.00714498 0.03723 -0.0346803
3.2000 3.2000 11.2000 -0.00337039 0.00349089 -0.0193377
3.2000 5.2000 -0.8000 0.016424 0.0131984 0.0240581
3.2000 5.2000 1.2000 0.00682751 -0.0122755 0.00195963
3.2000 5.2000 3.2000 -0.0127486 -0.0337338 -0.00802369
3.2000 5.2000 5.2000 0.00423653 -0.0316045 0.00607665
3.2000 5.2000 7.2000 0.00351877 -0.0298087 0.00843237
3.2000 5.2000 9.2000 0.0016907 -0.0220241 0.0122047
3.2000 5.2000 11.2000 0.00630362 -0.0157695 0.013557
5.2000 -0.8000 -0.8000 0.0851961 0.140135 -0.139867
5.2000 -0.8000 1.2000 0.126461 0.140806 0.1421
5.2000 -0.8000 3.2000 -0.151903 -0.143444 -0.0861716
5.2000 -0.8000 5.2000 -0.0815181 -0.144592 0.0329185
5.2000 -0.8000 7.2000 0.0276548 -0.157266 0.034115
5.2000 -0.8000 9.2000 0.0492799 -0.138908 0.145307
5.2000 -0.8000 11.2000 0.0171282 0.0936272 -0.0651144
5.2000 1.2000 -0.8000 0.0378331 0.133919 0.0849859
5.2000 1.2000 1.2000 0.109213 0.14163 0.139453
5.2000 1.2000 3.2000 -0.157237 -0.147243 0.0283714
5.2000 1.2000 5.2000 -0.152864 -0.153008 0.016347
5.2000 1.2000 7.2000 0.0741061 -0.159816 0.0696166
5.2000 1.2000 9.2000 0.0411091 -0.134647 0.151325
5.2000 1.2000 11.2000 0.0231038 -0.0622585 0.0213857
5.2000 3.2000 -0.8000 -0.136124 -0.131881 -0.08258
5.2000 3.2000 1.2000 -0.0502602 -0.0165718 -0.0511283
5.2000 3.2000 3.2000 -0.0310288 0.113023 -0.00683657
5.2000 3.2000 5.2000 0.0193736 0.145041 0.0017614
5.2000 3.2000 7.2000 0.0225393 0.145785 -0.0233221
5.2000 3.2000 9.2000 -0.0104984 0.106527 -0.0552183
5.2000 3.2000 11.2000 -0.0137304 0.0434445 -0.0342969
5.2000 5.2000 -0.8000 -0.0260025 0.000175165 -0.0125168
5.2000 5.2000 1.2000 0.0255886 0.0137605 0.00615045
5.2000 5.2000 3.2000 -0.00907204 -0.0130907 -0.00813466
5.2000 5.2000 5.2000 -0.00393772 -0.0211189 -0.00111723
5.2000 5.2000 7.2000 -0.00645208 -0.0191419 0.00126277
5.2000 5.2000 9.2000 -0.00236976 -0.0115923 0.00650384
5.2000 5.2000 11.2000 0.00210159 0.00980269 -0.000929509
