165
215
297
397
481
537
603
672
733
788
861
931
1009
1075
1136
1199
1278
1350
1424
1502
1612
1681
1750
1819
1874
1938
2010
2082
2155
2229
2282
2351
2418
2491
2563
2637
2691
2758
2848
2932
3000
3068
3183
3265
3337
3404
3468
3546
3597
3666
3743
3805
3861
3924
3986
4048
4094
4157
4215
4263
4320
4380
4430
4497
4570
4642
4713
4785
4843
4911
4981
5054
5128
5202
5283
5376
5456
5525
5590
5645
5723
5935
6059
6136
6222
6290
6352
6404
6481
6601
6658
6714
6773
6892
6957
7017
7062
7123
7183
7238
7287
7352
7414
7461
7536
7594
7638
7698
7759
7824
7875
7932
7995
8038
8101
8161
8206
8268
8333
8392
8435
8495
8542
8600
8654
8709
8757
8815
8863
8923
8978
9027
9079
9140
9187
9242
9305
9350
9410
9466
9513
9569
9630
9674
9734
9793
9839
9900
9961
10007
10067
10124
10176
10224
10286
10328
10390
10446
10494
10558
10613
10663
10712
10770
10815
10879
10937
10985
11058
11118
11182
11227
11288
11345
11396
11451
11514
11555
11609
11668
11716
11773
11822
11870
11929
11971
12027
12082
12130
12187
12261
12322
12369
12426
12471
12531
12586
12635
12686
12749
12792
12846
12906
12950
13009
13070
13114
13177
13231
13277
13334
13386
13435
13490
13540
13596
13651
13698
13758
13812
13858
13918
13974
14020
14076
14128
14178
14233
14281
14334
14389
14435
14496
14551
14596
14651
14714
14759
14815
14888
14962
15007
15070
15129
15174
15237
15296
15342
15404
15459
15503
15564
15624
15669
15734
15789
15831
15887
15950
15991
16055
16111
16157
16211
16271
16314
16372
16419
16466
16529
16573
16626
16681
16730
16785
16831
16880
16937
16982
17035
17095
17142
17193
17251
17295
17349
17396
17450
17505
17556
17614
17660
17714
17767
17811
17868
17918
17962
18012
18062
18111
18163
18208
18262
18317
18360
18425
18478
18524
18580
18625
18675
18730
18773
18828
18871
18925
18983
19026
19084
19139
19184
19237
19282
19336
19389
19436
19487
19545
19588
19644
19702
19745
19801
19843
19898
19950
19994
