0.00634921
0.00655896
-0.000657519
-0.00106973
-0.00131144
-0.00146288
-0.00158126
-0.00166627
-0.00174513
-0.00184374
-0.00194186
-0.00206411
-0.00215483
-0.002221
-0.00233475
-0.00245128
-0.00257095
-0.00269428
-0.00273936
-0.00287388
-0.00301221
-0.00305672
-0.00320729
-0.00325306
-0.00341578
-0.00346237
-0.00363642
-0.00368369
-0.00386949
-0.0039137
-0.00457854
-0.00472008
-0.00470731
-0.00486384
-0.00502685
-0.00748574
-0.0080643
-0.00801495
-0.00816364
-0.00832375
-0.00833463
-0.00813173
-0.00813156
-0.00836253
-0.00802655
-0.00803854
-0.00829925
-0.00831589
-0.0079647
-0.00803056
-0.00852921
-0.00872339
-0.00811343
-0.00874646
-0.00874753
-0.00792626
-0.00799422
-0.00726035
-0.00737825
-0.00674276
-0.00685865
-0.00626028
-0.00561953
-0.00564582
-0.00534681
-0.00466328
-0.0049951
-0.00458846
-0.00461596
-0.00421467
-0.00402669
-0.00416891
-0.00435894
-0.00416562
-0.0043269
-0.00419803
-0.00419293
-0.00426932
-0.00413155
-0.0043153
-0.00431031
-0.00443708
-0.00465093
-0.004837
-0.00495842
-0.00474217
-0.00480507
-0.00511259
-0.00502195
-0.00518757
-0.00515015
-0.00519717
-0.00536522
-0.00559412
-0.00564814
-0.00573695
-0.005859
-0.00646797
-0.00704673
-0.00746511
-0.00769312
-0.00753781
-0.00782985
-0.00775548
-0.0079778
-0.00810627
-0.00809244
-0.00809197
-0.00815361
-0.00838676
-0.0082042
-0.00819703
-0.00820365
-0.00830474
-0.00840958
-0.00840276
-0.00859149
-0.00859651
-0.00868706
-0.00859796
-0.00878741
-0.00879293
-0.00888945
-0.00898911
-0.00898148
-0.00898771
-0.00908886
-0.00918939
-0.00929488
-0.00921837
-0.0093909
-0.00937688
-0.00948963
-0.00941297
-0.00953956
-0.00951688
-0.00969393
-0.00981108
-0.00973718
-0.00990438
-0.00988279
-0.0100029
-0.00993116
-0.0100997
-0.0100786
-0.010202
-0.0101317
-0.0103005
-0.0102795
-0.0104527
-0.0104354
-0.0105545
-0.0104777
-0.0106503
-0.0106324
-0.0107543
-0.0106789
-0.0108509
-0.0108319
-0.0108188
-0.0109981
-0.0109854
-0.0111071
-0.0110278
-0.0113531
-0.0117585
-0.0118692
-0.0119733
-0.0119135
-0.0122083
-0.0123535
-0.0124894
-0.0124236
-0.0127548
-0.0131804
-0.0132609
-0.0133342
-0.0132278
-0.0135673
-0.0136771
-0.0141086
-0.0142025
-0.0140443
-0.0145769
-0.0146228
-0.0146755
-0.0147215
-0.0145689
-0.0150152
-0.0150798
-0.0151493
-0.0154504
-0.0154839
-0.0157153
-0.0157693
-0.0161773
-0.0162055
-0.0162275
-0.0162558
-0.0165509
-0.0168161
-0.0168418
-0.016869
-0.0168958
-0.0170933
-0.017492
-0.0178059
-0.0180662
-0.0185426
-0.0186815
-0.0190535
-0.019374
-0.0199031
-0.0200776
-0.0204991
-0.0205987
-0.0209722
-0.0212936
-0.0215708
-0.0218215
-0.022315
-0.0224648
-0.0228669
-0.0232216
-0.0235377
-0.0238189
-0.0240697
-0.0242872
-0.0244852
-0.0249779
-0.0251289
-0.0252672
-0.0256826
-0.0260545
-0.0260996
-0.0264344
-0.0267328
-0.0269824
-0.0271147
-0.0269606
-0.0271195
-0.0272744
-0.0271348
-0.0272637
-0.0271024
-0.0272373
-0.0273932
-0.0272557
-0.0274075
-0.0272417
-0.0273715
-0.0275022
-0.0273639
-0.0275194
-0.0276684
-0.0274978
-0.0276241
-0.0277511
-0.0275842
-0.0277391
-0.027597
-0.0277202
-0.027841
-0.0276683
-0.027795
-0.0279496
-0.0278068
-0.0279255
-0.0280409
-0.0278619
-0.028018
-0.0278748
-0.0280283
-0.0281767
-0.0279931
-0.0281117
-0.0282314
-0.0280515
-0.0282059
-0.0283573
-0.0282029
-0.0283191
-0.0284328
-0.0282475
-0.0283997
-0.0285485
-0.0283898
-0.0285391
-0.0283819
-0.0285274
-0.0286733
-0.028511
-0.028653
-0.0287686
-0.0285808
-0.0287047
-0.0288478
-0.0286801
-0.0288193
-0.0289544
-0.0287611
-0.0288831
-0.0290055
-0.0288119
-0.0289339
-0.0290748
-0.0289005
-0.0290363
-0.0291749
-0.0289971
-0.0291151
-0.0292361
-0.0290467
-0.0291869
-0.0293191
-0.0291348
-0.029266
-0.0293934
-0.029508
-0.0293148
-0.0294327
-0.029555
-0.0293714
-0.0294996
-0.0296228
-0.0294211
-0.0295474
-0.029664
-0.0297858
-0.0295972
-0.0297904
-0.0302849
-0.0300741
-0.0305474
-0.0306522
-0.0304454
-0.0308879
-0.0306727
