iter       mode         J_meanT      J_obj        J_aug        DissPower     outletT    solid_frac  solid_g    flow_m3s   deltaP_m2s2  wall_thickness        g_meanT    pen_meanT  g_disspower  pen_disspower  mu_penalty        g_oh    pen_oh    mu_oh    grad_norm  delta_x    elapsed_s  alphaMax
   1  pressure        19.333        5523.2        5523.2        5523.2        278.71      0.2582     0.0873     2.5e-07          22.8          0.1100       289.3           0           nan              0       1e+04         0          0        nan       57.79         nan     137.8 2.667e+08
   2  pressure        30.249        2327.7        2327.7        2327.7       281.707      0.2587     0.0875     2.5e-07         9.887          0.1100       300.2           0           nan              0       1e+04         0          0        nan       70.54        25.4      88.5 2.667e+08
   3  pressure        28.381        1555.9        1555.9        1555.9       284.996      0.2547     0.0861     2.5e-07         6.543          0.1100       298.4           0           nan              0       1e+04         0          0        nan       44.26        25.4      90.3 2.667e+08
   4  pressure        37.239       925.395       925.395       925.395       289.249      0.2550     0.0862     2.5e-07         3.948          0.1100       307.2           0           nan              0       1e+04         0          0        nan       27.46       21.33      85.7 2.667e+08
   5  pressure        39.785       813.205       813.205       813.205        288.58      0.2579     0.0872     2.5e-07         3.492          0.1100       309.8           0           nan              0       1e+04         0          0        nan       32.56       22.74      84.4 2.667e+08
   6  pressure        38.027       773.386       773.386       773.386       287.902      0.2598     0.0878     2.5e-07         3.494          0.1100         308           0           nan              0       1e+04         0          0        nan       91.11       22.93      81.1 2.667e+08
   7  pressure        39.718       800.016       800.016       800.016       290.074      0.2562     0.0866     2.5e-07         3.576          0.1100       309.7           0           nan              0       1e+04         0          0        nan       36.01       22.43      94.8 2.667e+08
   8  pressure        37.468       619.773       619.773       619.773       289.086      0.2568     0.0868     2.5e-07          2.69          0.1100       307.5           0           nan              0       1e+04         0          0        nan        32.1        22.1      84.7 2.667e+08
   9  pressure        38.404       725.174       725.174       725.174       289.818      0.2555     0.0864     2.5e-07         3.419          0.1100       308.4           0           nan              0       1e+04         0          0        nan         103       19.72    1410.7 2.667e+08
  10  pressure        40.494       829.412       829.412       829.412       290.133      0.2566     0.0868     2.5e-07         3.766          0.1100       310.5           0           nan              0       1e+04         0          0        nan       42.83        21.8   18583.8 2.667e+08
  11  pressure        41.587       681.022       681.022       681.022       291.376      0.2569     0.0869     2.5e-07         2.998          0.1100       311.6           0           nan              0       1e+04         0          0        nan       50.68        19.9      89.4 2.667e+08
  12  pressure        40.971        899.53        899.53        899.53       289.626      0.2598     0.0879     2.5e-07         4.343          0.1100         311           0           nan              0       1e+04         0          0        nan       69.91       20.38      92.0 2.667e+08
  13  pressure        40.223       607.202       607.202       607.202       290.338      0.2542     0.0860     2.5e-07         2.728          0.1100       310.2           0           nan              0       1e+04         0          0        nan       23.64       19.47      92.4 2.667e+08
  14  pressure         40.43       586.407       586.407       586.407       290.548      0.2543     0.0860     2.5e-07         2.589          0.1100       310.4           0           nan              0       1e+04         0          0        nan       32.33       18.69      89.4 2.667e+08
  15  pressure        36.197       495.795       495.795       495.795       287.495      0.2527     0.0854     2.5e-07          2.18          0.1100       306.2           0           nan              0       1e+04         0          0        nan        16.1       17.72      89.5 2.667e+08
  16  pressure        36.206        714.28        714.28        714.28       286.668      0.2572     0.0870     2.5e-07         3.198          0.1100       306.2           0           nan              0       1e+04         0          0        nan       69.74       16.11      89.4 2.667e+08
  17  pressure        38.172       436.066       436.066       436.066       289.747      0.2541     0.0859     2.5e-07         1.943          0.1100       308.2           0           nan              0       1e+04         0          0        nan       34.91       16.55      94.3 2.667e+08
  18  pressure        40.261       667.942       667.942       667.942       290.495      0.2539     0.0859     2.5e-07         2.968          0.1100       310.3           0           nan              0       1e+04         0          0        nan       27.83       16.72      98.9 2.667e+08
  19  pressure        40.377       1263.75       1263.75       1263.75       292.343      0.2581     0.0873     2.5e-07         5.367          0.1100       310.4           0           nan              0       1e+04         0          0        nan       61.74       16.86      94.4 2.667e+08
  20  pressure        40.517       801.779       801.779       801.779       290.202      0.2540     0.0859     2.5e-07         3.554          0.1100       310.5           0           nan              0       1e+04         0          0        nan       102.1       14.74      95.6 2.667e+08
  21  pressure        44.262        2830.9        2830.9        2830.9       290.418      0.2551     0.0862     2.5e-07         11.81          0.1100       314.3           0           nan              0       1e+04         0          0        nan       51.62       17.06      98.7 2.667e+08
  22  pressure         41.32       936.109       936.109       936.109       292.276      0.2538     0.0858     2.5e-07         4.242          0.1100       311.3           0           nan              0       1e+04         0          0        nan       123.7          16      94.6 2.667e+08
  23  pressure        42.527       980.949       980.949       980.949       290.456      0.2532     0.0856     2.5e-07         4.209          0.1100       312.5           0           nan              0       1e+04         0          0        nan       98.34       15.26      96.9 2.667e+08
  24  pressure        40.739       586.664       586.664       586.664       292.169      0.2587     0.0875     2.5e-07         2.551          0.1100       310.7           0           nan              0       1e+04         0          0        nan       34.04       14.11      94.5 2.667e+08
  25  pressure        41.928       535.858       535.858       535.858       290.694      0.2565     0.0867     2.5e-07         2.537          0.1100       311.9           0           nan              0       1e+04         0          0        nan       33.38       13.31      88.8 2.667e+08
  26  pressure        41.107       573.248       573.248       573.248       291.568      0.2530     0.0856     2.5e-07          2.61          0.1100       311.1           0           nan              0       1e+04         0          0        nan       31.01       12.29      89.2 2.667e+08
  27  pressure        41.953       561.266       561.266       561.266       292.983      0.2526     0.0854     2.5e-07         2.565          0.1100         312           0           nan              0       1e+04         0          0        nan        42.9       11.67      91.2 2.667e+08
  28  pressure        43.715       559.914       559.914       559.914       294.108      0.2549     0.0862     2.5e-07         2.459          0.1100       313.7           0           nan              0       1e+04         0          0        nan       20.27       11.25      92.9 2.667e+08
  29  pressure        43.054       1151.18       1151.18       1151.18        292.77      0.2611     0.0883     2.5e-07         4.875          0.1100       313.1           0           nan              0       1e+04         0          0        nan       80.77       10.81      89.5 2.667e+08
  30  pressure        41.649       533.978       533.978       533.978       292.818      0.2498     0.0845     2.5e-07         2.377          0.1100       311.6           0           nan              0       1e+04         0          0        nan       23.55       10.05      90.2 2.667e+08
  31  pressure        39.565       882.813       882.813       882.813       290.609      0.2564     0.0867     2.5e-07          4.66          0.1100       309.6           0           nan              0       1e+04         0          0        nan       330.3       10.11      91.1 2.667e+08
  32  pressure        40.735       536.999       536.999       536.999       291.566      0.2520     0.0852     2.5e-07         2.423          0.1100       310.7           0           nan              0       1e+04         0          0        nan        60.6       9.651      89.0 2.667e+08
  33  pressure        41.263       632.432       632.432       632.432       290.292      0.2523     0.0853     2.5e-07         3.007          0.1100       311.3           0           nan              0       1e+04         0          0        nan       37.31       9.333      92.1 2.667e+08
  34  pressure        40.456       537.718       537.718       537.718       289.892      0.2533     0.0856     2.5e-07         2.395          0.1100       310.5           0           nan              0       1e+04         0          0        nan       71.46        8.95     105.2 2.667e+08
  35  pressure        41.006       544.296       544.296       544.296       292.278      0.2531     0.0856     2.5e-07         2.462          0.1100         311           0           nan              0       1e+04         0          0        nan       36.61       8.568     104.7 2.667e+08
  36  pressure        39.801        481.45        481.45        481.45       290.366      0.2492     0.0843     2.5e-07         2.128          0.1100       309.8           0           nan              0       1e+04         0          0        nan       23.04       8.549     105.6 2.667e+08
  37  pressure        38.334        390.05        390.05        390.05       293.159      0.2523     0.0853     2.5e-07         1.739          0.1100       308.3           0           nan              0       1e+04         0          0        nan       215.9       7.225      96.8 2.667e+08
  38  pressure        39.408       465.488       465.488       465.488       291.453      0.2497     0.0844     2.5e-07         2.115          0.1100       309.4           0           nan              0       1e+04         0          0        nan       82.81       7.592      92.7 2.667e+08
  39  pressure        40.678       467.976       467.976       467.976       290.047      0.2518     0.0852     2.5e-07         2.234          0.1100       310.7           0           nan              0       1e+04         0          0        nan        78.2       7.655      92.8 2.667e+08
  40  pressure        40.581       454.075       454.075       454.075       289.712      0.2549     0.0862     2.5e-07         2.181          0.1100       310.6           0           nan              0       1e+04         0          0        nan       43.39       7.172      96.2 2.667e+08
  41  pressure        41.279       579.427       579.427       579.427         293.4      0.2511     0.0849     2.5e-07         2.578          0.1100       311.3           0           nan              0       1e+04         0          0        nan       121.6       8.087     100.0 2.667e+08
  42  pressure        41.436       500.733       500.733       500.733       292.228      0.2492     0.0842     2.5e-07         2.413          0.1100       311.4           0           nan              0       1e+04         0          0        nan       68.19       8.075      93.1 2.667e+08
  43  pressure        40.837       483.714       483.714       483.714       290.939      0.2538     0.0858     2.5e-07         2.142          0.1100       310.8           0           nan              0       1e+04         0          0        nan       33.58       6.985      96.2 2.667e+08
  44  pressure        42.405       614.574       614.574       614.574       291.169      0.2465     0.0834     2.5e-07         2.791          0.1100       312.4           0           nan              0       1e+04         0          0        nan       75.58       6.198     106.3 2.667e+08
  45  pressure        42.755         526.3         526.3         526.3       293.031      0.2478     0.0838     2.5e-07         2.386          0.1100       312.8           0           nan              0       1e+04         0          0        nan       73.22       6.346      93.5 2.667e+08
  46  pressure        42.261       578.282       578.282       578.282       290.707      0.2502     0.0846     2.5e-07          2.65          0.1100       312.3           0           nan              0       1e+04         0          0        nan       32.44       5.812      99.5 2.667e+08
  47  pressure        42.232       641.122       641.122       641.122       291.625      0.2474     0.0836     2.5e-07         2.965          0.1100       312.2           0           nan              0       1e+04         0          0        nan       38.77       5.638      96.3 2.667e+08
  48  pressure        42.617       561.405       561.405       561.405       293.231      0.2506     0.0847     2.5e-07          2.73          0.1100       312.6           0           nan              0       1e+04         0          0        nan       92.85       5.946      92.9 2.667e+08
  49  pressure        42.243       458.577       458.577       458.577       292.356      0.2505     0.0847     2.5e-07         2.038          0.1100       312.2           0           nan              0       1e+04         0          0        nan       41.96       8.207      94.4 2.667e+08
  50  pressure        42.167       651.902       651.902       651.902       291.724      0.2467     0.0834     2.5e-07         3.033          0.1100       312.2           0           nan              0       1e+04         0          0        nan       53.31       7.775      96.5 2.667e+08
  51  pressure        42.571       595.646       595.646       595.646       294.253      0.2457     0.0831     2.5e-07          2.88          0.1100       312.6           0           nan              0       1e+04         0          0        nan       50.67       8.082      95.5 2.667e+08
  52  pressure        43.161       569.867       569.867       569.867       292.023      0.2487     0.0841     2.5e-07          2.61          0.1100       313.2           0           nan              0       1e+04         0          0        nan       31.06       7.209      93.7 2.667e+08
  53  pressure        42.486       554.486       554.486       554.486        291.87      0.2465     0.0833     2.5e-07         2.725          0.1100       312.5           0           nan              0       1e+04         0          0        nan       53.62       5.322      92.7 2.667e+08
  54  pressure        42.331       542.212       542.212       542.212       291.675      0.2470     0.0835     2.5e-07         2.465          0.1100       312.3           0           nan              0       1e+04         0          0        nan          27       5.852      96.1 2.667e+08
  55  pressure        42.474       525.623       525.623       525.623       291.188      0.2466     0.0834     2.5e-07          2.37          0.1100       312.5           0           nan              0       1e+04         0          0        nan       50.16       5.738      94.6 2.667e+08
  56  pressure        42.395       509.328       509.328       509.328       291.564      0.2470     0.0835     2.5e-07         2.281          0.1100       312.4           0           nan              0       1e+04         0          0        nan       41.62       5.408      93.9 2.667e+08
  57  pressure        42.373       587.269       587.269       587.269       292.258      0.2445     0.0827     2.5e-07         2.681          0.1100       312.4           0           nan              0       1e+04         0          0        nan       42.54       3.853      94.2 2.667e+08
  58  pressure        42.626       538.741       538.741       538.741       293.186      0.2452     0.0829     2.5e-07          2.41          0.1100       312.6           0           nan              0       1e+04         0          0        nan       63.71        4.33      98.1 2.667e+08
  59  pressure        42.102       586.967       586.967       586.967       290.246      0.2440     0.0825     2.5e-07         2.717          0.1100       312.1           0           nan              0       1e+04         0          0        nan       23.93       3.867      97.9 2.667e+08
  60  pressure        42.312       635.322       635.322       635.322       290.539      0.2436     0.0824     2.5e-07         3.031          0.1100       312.3           0           nan              0       1e+04         0          0        nan       110.3       3.653      95.5 2.667e+08
  61  pressure        42.668       575.237       575.237       575.237       292.423      0.2414     0.0816     2.5e-07         2.569          0.1100       312.7           0           nan              0       1e+04         0          0        nan       57.74       3.658      99.8 2.667e+08
  62  pressure        42.924       545.244       545.244       545.244        291.77      0.2426     0.0820     2.5e-07         2.532          0.1100       312.9           0           nan              0       1e+04         0          0        nan       78.26       2.917      93.2 2.667e+08
  63  pressure        42.552       484.138       484.138       484.138       292.826      0.2432     0.0822     2.5e-07         2.233          0.1100       312.6           0           nan              0       1e+04         0          0        nan       91.45       2.295      95.7 2.667e+08
  64  pressure        42.608       511.004       511.004       511.004       292.947      0.2434     0.0823     2.5e-07         2.355          0.1100       312.6           0           nan              0       1e+04         0          0        nan       21.87        2.06      97.5 2.667e+08
  65  pressure            42       565.793       565.793       565.793       291.872      0.2431     0.0822     2.5e-07          2.58          0.1100         312           0           nan              0       1e+04         0          0        nan       33.99       1.716     100.2 2.667e+08
  66  pressure        42.545       450.092       450.092       450.092       292.847      0.2414     0.0816     2.5e-07         2.039          0.1100       312.5           0           nan              0       1e+04         0          0        nan       32.41       1.734      93.1 2.667e+08
  67  pressure        42.835       472.467       472.467       472.467       293.276      0.2410     0.0815     2.5e-07         2.119          0.1100       312.8           0           nan              0       1e+04         0          0        nan       66.73       1.699      97.0 2.667e+08
  68  pressure        42.749       449.386       449.386       449.386       293.256      0.2399     0.0811     2.5e-07         2.058          0.1100       312.7           0           nan              0       1e+04         0          0        nan       54.87       1.751      98.5 2.667e+08
  69  pressure        43.007       587.303       587.303       587.303       290.856      0.2411     0.0815     2.5e-07         2.784          0.1100         313           0           nan              0       1e+04         0          0        nan       93.31       2.413     102.1 2.667e+08
  70  pressure        42.755       466.613       466.613       466.613        291.81      0.2411     0.0815     2.5e-07         2.095          0.1100       312.8           0           nan              0       1e+04         0          0        nan       77.64        2.43     101.5 2.667e+08
  71  pressure        42.726       593.656       593.656       593.656        290.72      0.2405     0.0813     2.5e-07         2.813          0.1100       312.7           0           nan              0       1e+04         0          0        nan       39.68       2.416     102.7 2.667e+08
  72  pressure        42.746       473.991       473.991       473.991       292.609      0.2413     0.0816     2.5e-07         2.123          0.1100       312.7           0           nan              0       1e+04         0          0        nan       20.43       2.275      97.2 2.667e+08
  73  pressure        42.611       434.242       434.242       434.242       293.015      0.2404     0.0813     2.5e-07         1.963          0.1100       312.6           0           nan              0       1e+04         0          0        nan       37.55        1.57     100.0 2.667e+08
  74  pressure        42.961       508.101       508.101       508.101       291.221      0.2395     0.0810     2.5e-07         2.386          0.1100         313           0           nan              0       1e+04         0          0        nan       57.15         1.5     101.6 2.667e+08
  75  pressure        42.557       572.477       572.477       572.477       292.746      0.2416     0.0817     2.5e-07         2.581          0.1100       312.6           0           nan              0       1e+04         0          0        nan       139.4       1.486     100.1 2.667e+08
  76  pressure        42.716       484.106       484.106       484.106       292.865      0.2417     0.0817     2.5e-07         2.229          0.1100       312.7           0           nan              0       1e+04         0          0        nan       47.27       2.249      96.0 2.667e+08
  77  pressure        42.483       459.587       459.587       459.587       292.641      0.2399     0.0811     2.5e-07         2.106          0.1100       312.5           0           nan              0       1e+04         0          0        nan       17.49       2.138      99.6 2.667e+08
  78  pressure        42.842       416.972       416.972       416.972       293.584      0.2407     0.0814     2.5e-07         1.873          0.1100       312.8           0           nan              0       1e+04         0          0        nan       47.42       2.123      97.8 2.667e+08
  79  pressure        42.267       528.761       528.761       528.761       293.061      0.2411     0.0815     2.5e-07         2.617          0.1100       312.3           0           nan              0       1e+04         0          0        nan       74.84        1.74      99.8 2.667e+08
  80  pressure        42.777       435.398       435.398       435.398        293.79      0.2400     0.0812     2.5e-07         1.945          0.1100       312.8           0           nan              0       1e+04         0          0        nan       69.82       1.429     103.0 2.667e+08
  81  pressure        42.452       498.649       498.649       498.649       292.558      0.2388     0.0807     2.5e-07         2.362          0.1100       312.5           0           nan              0       1e+04         0          0        nan       65.79       1.619      98.1 2.667e+08
  82  pressure        42.677       476.505       476.505       476.505       293.211      0.2403     0.0813     2.5e-07         2.123          0.1100       312.7           0           nan              0       1e+04         0          0        nan         137       1.543      96.1 2.667e+08
  83  pressure        42.702       457.506       457.506       457.506       292.831      0.2392     0.0809     2.5e-07          2.14          0.1100       312.7           0           nan              0       1e+04         0          0        nan       91.04       1.318     101.2 2.667e+08
  84  pressure        42.887       435.238       435.238       435.238       293.478      0.2404     0.0813     2.5e-07         1.933          0.1100       312.9           0           nan              0       1e+04         0          0        nan       53.34       1.228     100.2 2.667e+08
  85  pressure        42.661       435.348       435.348       435.348       292.875      0.2398     0.0811     2.5e-07         2.005          0.1100       312.7           0           nan              0       1e+04         0          0        nan       30.38       1.243      95.8 2.667e+08
  86  pressure        43.087       428.717       428.717       428.717       293.529      0.2400     0.0811     2.5e-07         1.945          0.1100       313.1           0           nan              0       1e+04         0          0        nan       15.28       1.243      98.6 2.667e+08
  87  pressure        42.623       454.858       454.858       454.858       292.729      0.2398     0.0811     2.5e-07         2.107          0.1100       312.6           0           nan              0       1e+04         0          0        nan       51.94       1.332      98.3 2.667e+08
  88  pressure        43.151       497.968       497.968       497.968       293.163      0.2421     0.0819     2.5e-07         2.348          0.1100       313.2           0           nan              0       1e+04         0          0        nan       89.67       1.411      99.8 2.667e+08
  89  pressure        42.728       514.124       514.124       514.124       292.021      0.2411     0.0815     2.5e-07         2.376          0.1100       312.7           0           nan              0       1e+04         0          0        nan       66.37       1.582      94.5 2.667e+08
  90  pressure        42.934       486.573       486.573       486.573       293.108      0.2410     0.0815     2.5e-07         2.299          0.1100       312.9           0           nan              0       1e+04         0          0        nan       111.6        1.64      97.3 2.667e+08
  91  pressure        42.852        487.88        487.88        487.88       292.158      0.2417     0.0817     2.5e-07         2.193          0.1100       312.9           0           nan              0       1e+04         0          0        nan       51.05       1.385     102.3 2.667e+08
  92  pressure        42.787       479.241       479.241       479.241       292.729      0.2410     0.0815     2.5e-07         2.252          0.1100       312.8           0           nan              0       1e+04         0          0        nan       91.45       1.264      98.6 2.667e+08
  93  pressure        42.628        486.02        486.02        486.02        292.11      0.2415     0.0817     2.5e-07         2.183          0.1100       312.6           0           nan              0       1e+04         0          0        nan       42.19       1.285      94.6 2.667e+08
  94  pressure        42.873       474.778       474.778       474.778       293.413      0.2413     0.0816     2.5e-07         2.212          0.1100       312.9           0           nan              0       1e+04         0          0        nan       103.7       1.273      97.1 2.667e+08
  95  pressure         42.62       462.554       462.554       462.554       293.097      0.2413     0.0816     2.5e-07         2.092          0.1100       312.6           0           nan              0       1e+04         0          0        nan       43.24       1.166     101.8 2.667e+08
  96  pressure          42.7       395.827       395.827       395.827       293.873      0.2419     0.0818     2.5e-07         1.771          0.1100       312.7           0           nan              0       1e+04         0          0        nan       19.11       1.224      93.2 2.667e+08
  97  pressure        42.718       414.759       414.759       414.759        294.11      0.2430     0.0822     2.5e-07         1.917          0.1100       312.7           0           nan              0       1e+04         0          0        nan          38        1.31      93.3 2.667e+08
  98  pressure        42.683       398.768       398.768       398.768       294.046      0.2410     0.0815     2.5e-07         1.794          0.1100       312.7           0           nan              0       1e+04         0          0        nan       24.78       1.432      92.5 2.667e+08
  99  pressure        42.768       430.979       430.979       430.979       294.346      0.2428     0.0821     2.5e-07         1.993          0.1100       312.8           0           nan              0       1e+04         0          0        nan       41.24       1.408      88.8 2.667e+08
 100  pressure         42.84       383.117       383.117       383.117       294.456      0.2422     0.0819     2.5e-07         1.718          0.1100       312.8           0           nan              0       1e+04         0          0        nan       12.45       1.995      90.6 2.667e+08
 101  pressure        42.811       472.292       472.292       472.292       293.009      0.2418     0.0818     2.5e-07          2.23          0.1100       312.8           0           nan              0       1e+04         0          0        nan         107       1.909      92.7 2.667e+08
 102  pressure        42.642       424.682       424.682       424.682       294.427      0.2413     0.0816     2.5e-07         1.949          0.1100       312.6           0           nan              0       1e+04         0          0        nan       75.86       2.467      94.8 2.667e+08
 103  pressure        42.613       493.269       493.269       493.269       292.372      0.2401     0.0812     2.5e-07         2.347          0.1100       312.6           0           nan              0       1e+04         0          0        nan       114.7       2.243      92.4 2.667e+08
 104  pressure        42.949       415.067       415.067       415.067       295.521      0.2396     0.0810     2.5e-07         1.912          0.1100       312.9           0           nan              0       1e+04         0          0        nan       14.02       1.297      92.0 2.667e+08
 105  pressure        42.699        418.77        418.77        418.77       296.323      0.2394     0.0810     2.5e-07         1.955          0.1100       312.7           0           nan              0       1e+04         0          0        nan       62.32       1.209    2323.5 2.667e+08
 106  pressure          42.9       404.435       404.435       404.435       294.825      0.2427     0.0821     2.5e-07         1.819          0.1100       312.9           0           nan              0       1e+04         0          0        nan       46.18       1.372      89.3 2.667e+08
 107  pressure        42.366       443.857       443.857       443.857       295.058      0.2401     0.0812     2.5e-07         2.033          0.1100       312.4           0           nan              0       1e+04         0          0        nan       53.01       1.405      89.4 2.667e+08
 108  pressure          42.8       407.955       407.955       407.955        293.21      0.2415     0.0817     2.5e-07         1.894          0.1100       312.8           0           nan              0       1e+04         0          0        nan        47.2       1.584      90.8 2.667e+08
 109  pressure        42.543       441.276       441.276       441.276       294.688      0.2401     0.0812     2.5e-07         2.051          0.1100       312.5           0           nan              0       1e+04         0          0        nan       40.48       1.591      91.5 2.667e+08
 110  pressure         42.81       387.194       387.194       387.194       295.401      0.2420     0.0818     2.5e-07         1.923          0.1100       312.8           0           nan              0       1e+04         0          0        nan       50.52       2.177      87.4 2.667e+08
 111  pressure        42.628       473.525       473.525       473.525       292.775      0.2410     0.0815     2.5e-07         2.257          0.1100       312.6           0           nan              0       1e+04         0          0        nan        37.4       2.126      93.1 2.667e+08
 112  pressure        43.059       381.995       381.995       381.995       294.696      0.2416     0.0817     2.5e-07         1.764          0.1100       313.1           0           nan              0       1e+04         0          0        nan       24.26       1.496      88.5 2.667e+08
 113  pressure        42.365       417.303       417.303       417.303       294.982      0.2406     0.0813     2.5e-07         1.917          0.1100       312.4           0           nan              0       1e+04         0          0        nan       39.68       1.512      92.0 2.667e+08
 114  pressure        42.475       421.648       421.648       421.648       293.205      0.2406     0.0814     2.5e-07         2.071          0.1100       312.5           0           nan              0       1e+04         0          0        nan        82.8       1.582      91.2 2.667e+08
 115  pressure        42.003       424.253       424.253       424.253       293.587      0.2419     0.0818     2.5e-07         1.959          0.1100         312           0           nan              0       1e+04         0          0        nan       31.78       2.223      91.3 2.667e+08
 116  pressure        42.354       421.836       421.836       421.836       294.394      0.2416     0.0817     2.5e-07         1.929          0.1100       312.4           0           nan              0       1e+04         0          0        nan       33.94       2.118      98.2 2.667e+08
 117  pressure        42.462       368.296       368.296       368.296       295.173      0.2409     0.0815     2.5e-07         1.703          0.1100       312.5           0           nan              0       1e+04         0          0        nan       43.25       1.291      89.5 2.667e+08
 118  pressure        42.182       388.501       388.501       388.501       295.078      0.2437     0.0824     2.5e-07         1.833          0.1100       312.2           0           nan              0       1e+04         0          0        nan        53.3       1.267      90.8 2.667e+08
 119  pressure        42.267       390.548       390.548       390.548       295.333      0.2421     0.0819     2.5e-07         1.831          0.1100       312.3           0           nan              0       1e+04         0          0        nan       43.24       1.429      90.7 2.667e+08
 120  pressure        42.353       479.106       479.106       479.106       294.141      0.2445     0.0827     2.5e-07         2.308          0.1100       312.4           0           nan              0       1e+04         0          0        nan       128.8       2.127      91.1 2.667e+08
 121  pressure        42.164       361.317       361.317       361.317        295.43      0.2421     0.0819     2.5e-07         1.673          0.1100       312.2           0           nan              0       1e+04         0          0        nan       62.74       2.096      91.3 2.667e+08
 122  pressure        42.351       414.819       414.819       414.819       294.423      0.2439     0.0825     2.5e-07         1.966          0.1100       312.4           0           nan              0       1e+04         0          0        nan       108.6       1.689      89.1 2.667e+08
 123  pressure        42.212       355.382       355.382       355.382       295.845      0.2413     0.0816     2.5e-07         1.641          0.1100       312.2           0           nan              0       1e+04         0          0        nan       56.01       1.471      90.1 2.667e+08
 124  pressure        42.317         405.8         405.8         405.8       294.704      0.2433     0.0823     2.5e-07         1.894          0.1100       312.3           0           nan              0       1e+04         0          0        nan       117.7       1.404      86.3 2.667e+08
 125  pressure        42.258       356.976       356.976       356.976       295.117      0.2415     0.0817     2.5e-07         1.638          0.1100       312.3           0           nan              0       1e+04         0          0        nan       61.96       1.406      91.8 2.667e+08
 126  pressure        42.419       402.783       402.783       402.783       294.937      0.2432     0.0822     2.5e-07         1.891          0.1100       312.4           0           nan              0       1e+04         0          0        nan       139.5         1.4      89.5 2.667e+08
 127  pressure        42.402        352.98        352.98        352.98       295.618      0.2410     0.0815     2.5e-07         1.619          0.1100       312.4           0           nan              0       1e+04         0          0        nan       72.73       1.268      89.4 2.667e+08
 128  pressure        42.351        401.12        401.12        401.12       294.765      0.2428     0.0821     2.5e-07         1.866          0.1100       312.4           0           nan              0       1e+04         0          0        nan       65.05       1.189      90.5 2.667e+08
 129  pressure        42.332       354.715       354.715       354.715        295.71      0.2405     0.0813     2.5e-07         1.633          0.1100       312.3           0           nan              0       1e+04         0          0        nan       78.91       1.165      89.4 2.667e+08
 130  pressure        42.334       406.048       406.048       406.048       294.547      0.2430     0.0822     2.5e-07         1.887          0.1100       312.3           0           nan              0       1e+04         0          0        nan       83.85       1.173      93.7 2.667e+08
 131  pressure        42.321       354.214       354.214       354.214       295.841      0.2407     0.0814     2.5e-07         1.628          0.1100       312.3           0           nan              0       1e+04         0          0        nan       74.61       1.182      89.2 2.667e+08
 132  pressure        42.326       398.905       398.905       398.905       294.787      0.2432     0.0822     2.5e-07         1.858          0.1100       312.3           0           nan              0       1e+04         0          0        nan       88.85       1.157      89.8 2.667e+08
 133  pressure        42.375       353.834       353.834       353.834       295.705      0.2408     0.0814     2.5e-07         1.621          0.1100       312.4           0           nan              0       1e+04         0          0        nan       75.97       1.162      89.0 2.667e+08
 134  pressure        42.293       402.239       402.239       402.239       294.964      0.2426     0.0820     2.5e-07         1.875          0.1100       312.3           0           nan              0       1e+04         0          0        nan       76.31        1.18      90.2 2.667e+08
 135  pressure        42.352       353.346       353.346       353.346       295.698      0.2409     0.0815     2.5e-07         1.623          0.1100       312.4           0           nan              0       1e+04         0          0        nan       66.01       1.156      92.9 2.667e+08
 136  pressure        42.268       398.409       398.409       398.409       295.221      0.2423     0.0819     2.5e-07         1.864          0.1100       312.3           0           nan              0       1e+04         0          0        nan       99.62       1.138      90.0 2.667e+08
 137  pressure        42.237       351.902       351.902       351.902       296.149      0.2399     0.0811     2.5e-07         1.617          0.1100       312.2           0           nan              0       1e+04         0          0        nan       73.09       1.134      90.4 2.667e+08
 138  pressure         42.18       397.126       397.126       397.126        295.08      0.2420     0.0818     2.5e-07          1.85          0.1100       312.2           0           nan              0       1e+04         0          0        nan       77.73       1.148      89.0 2.667e+08
 139  pressure        42.231       353.026       353.026       353.026       296.086      0.2400     0.0812     2.5e-07         1.623          0.1100       312.2           0           nan              0       1e+04         0          0        nan       73.33       1.156      90.8 2.667e+08
 140  pressure        42.188       396.726       396.726       396.726       295.078      0.2419     0.0818     2.5e-07         1.849          0.1100       312.2           0           nan              0       1e+04         0          0        nan       81.59        1.15      89.7 2.667e+08
 141  pressure        42.202       353.306       353.306       353.306        295.96      0.2399     0.0811     2.5e-07         1.621          0.1100       312.2           0           nan              0       1e+04         0          0        nan       75.87       1.137      90.5 2.667e+08
 142  pressure        42.214       398.555       398.555       398.555       295.143      0.2419     0.0818     2.5e-07          1.86          0.1100       312.2           0           nan              0       1e+04         0          0        nan       88.31       1.144      91.9 2.667e+08
 143  pressure        42.234        352.28        352.28        352.28       295.899      0.2400     0.0812     2.5e-07         1.618          0.1100       312.2           0           nan              0       1e+04         0          0        nan       70.12       1.144      93.4 2.667e+08
 144  pressure        42.197       398.322       398.322       398.322        295.08      0.2420     0.0818     2.5e-07          1.86          0.1100       312.2           0           nan              0       1e+04         0          0        nan       96.47       1.151      92.5 2.667e+08
 145  pressure        42.244       352.096       352.096       352.096       295.926      0.2400     0.0811     2.5e-07         1.616          0.1100       312.2           0           nan              0       1e+04         0          0        nan       70.86       1.152      92.5 2.667e+08
 146  pressure        42.201       398.204       398.204       398.204       295.078      0.2419     0.0818     2.5e-07         1.859          0.1100       312.2           0           nan              0       1e+04         0          0        nan       93.94       1.159      92.9 2.667e+08
 147  pressure        42.284       352.262       352.262       352.262       295.909      0.2402     0.0812     2.5e-07         1.618          0.1100       312.3           0           nan              0       1e+04         0          0        nan       69.11       1.175      93.1 2.667e+08
 148  pressure        42.183        396.81        396.81        396.81       295.121      0.2419     0.0818     2.5e-07          1.85          0.1100       312.2           0           nan              0       1e+04         0          0        nan       89.91       1.189      91.0 2.667e+08
 149  pressure         42.21       351.547       351.547       351.547       295.725      0.2401     0.0812     2.5e-07         1.616          0.1100       312.2           0           nan              0       1e+04         0          0        nan       67.02       1.158      94.4 2.667e+08
 150  pressure        42.192        396.92        396.92        396.92       295.103      0.2420     0.0818     2.5e-07         1.851          0.1100       312.2           0           nan              0       1e+04         0          0        nan       89.93       1.137      91.2 2.667e+08
