# x_mm  y_mm  z_mm  dk_x_radmm  dk_y_radmm  dk_z_radmm
-0.5000 -0.5000 -0.5000 -0.000855796 0.00204611 0.00219424
-0.5000 -0.5000 1.5000 0.000376282 0.00219424 0.00219424
-0.5000 -0.5000 3.5000 2.32839e-05 -0.00066141 -0.00052508
-0.5000 -0.5000 5.5000 -5.41239e-05 0.000339071 0.000424812
-0.5000 -0.5000 7.5000 -0.000306761 0.000103881 0.00077638
-0.5000 -0.5000 9.5000 -0.000646509 0.000235922 -6.34936e-05
-0.5000 -0.5000 11.5000 -0.000767548 5.20998e-05 -0.000575022
-0.5000 1.5000 -0.5000 -0.000196263 0.00219424 0.00122871
-0.5000 1.5000 1.5000 0.000347651 0.00219424 -0.00219424
-0.5000 1.5000 3.5000 -0.000255937 -3.50561e-05 -0.00219424
-0.5000 1.5000 5.5000 -0.000307717 8.93939e-05 -0.00219424
-0.5000 1.5000 7.5000 -0.000933607 -5.39456e-05 -0.00219424
-0.5000 1.5000 9.5000 -0.00200567 0.000804634 -0.00219424
-0.5000 1.5000 11.5000 -0.00109054 0.000509564 -0.00121681
-0.5000 3.5000 -0.5000 0.000191676 -0.00146795 -0.000278794
-0.5000 3.5000 1.5000 -3.27555e-05 6.71129e-07 0.000600675
-0.5000 3.5000 3.5000 1.24494e-05 -0.000445859 0.00113614
-0.5000 3.5000 5.5000 4.20981e-05 -0.000129834 0.000741154
-0.5000 3.5000 7.5000 -0.000252849 -0.00017256 0.000369328
-0.5000 3.5000 9.5000 -0.00118158 0.000548992 -0.00150153
-0.5000 3.5000 11.5000 0.000381787 -0.000220598 0.00133942
1.5000 -0.5000 -0.5000 -0.00219424 0.00219424 0.00116291
1.5000 -0.5000 1.5000 -0.000888737 0.00219424 0.000962345
1.5000 -0.5000 3.5000 0.000665828 -0.000359663 3.3604e-05
1.5000 -0.5000 5.5000 0.000266366 0.000388408 8.03168e-05
1.5000 -0.5000 7.5000 0.000744622 -0.000169871 0.000589079
1.5000 -0.5000 9.5000 0.00219424 -0.000545971 -0.000688788
1.5000 -0.5000 11.5000 0.000479376 -0.000447667 0.00114397
1.5000 1.5000 -0.5000 -0.00219424 0.00219424 0.000680218
1.5000 1.5000 1.5000 -0.000452735 0.00219424 -0.00219424
1.5000 1.5000 3.5000 0.000328579 -0.000436339 -0.00219424
1.5000 1.5000 5.5000 0.000486265 -0.000691827 -0.00219424
1.5000 1.5000 7.5000 0.00219424 -0.00103524 -0.00219424
1.5000 1.5000 9.5000 0.00219424 -0.00219424 0.00219424
1.5000 1.5000 11.5000 0.00219424 -0.00172556 0.00219424
1.5000 3.5000 -0.5000 0.000668471 0.00067724 -0.000294451
1.5000 3.5000 1.5000 0.000357568 0.00150434 -0.000275626
1.5000 3.5000 3.5000 0.000319776 -0.000277013 0.000200647
1.5000 3.5000 5.5000 0.00068748 -0.000193443 -0.000578638
1.5000 3.5000 7.5000 0.00219424 -0.000676503 0.00219424
1.5000 3.5000 9.5000 0.00219424 -0.00160235 0.00219424
1.5000 3.5000 11.5000 0.00219424 -0.00204476 0.00219424
3.5000 -0.5000 -0.5000 0.00137483 -0.00141152 -0.000877004
3.5000 -0.5000 1.5000 0.000232882 -0.000171135 -0.000369895
3.5000 -0.5000 3.5000 -0.00181253 4.54092e-05 3.62859e-05
3.5000 -0.5000 5.5000 -0.00219424 0.000691035 -0.000693231
3.5000 -0.5000 7.5000 -0.000819216 7.91649e-05 0.00153196
3.5000 -0.5000 9.5000 0.00219424 0.000611379 0.00219424
3.5000 -0.5000 11.5000 -0.000357303 0.000101981 0.00162872
3.5000 1.5000 -0.5000 0.000878948 0.000812908 -0.000488852
3.5000 1.5000 1.5000 6.58128e-05 0.000980626 -0.000359063
3.5000 1.5000 3.5000 -0.00219424 -0.000766842 0.0015262
3.5000 1.5000 5.5000 -0.00219424 0.000127444 0.00145702
3.5000 1.5000 7.5000 -0.00219424 0.000241492 0.00219424
3.5000 1.5000 9.5000 -0.00219424 0.00219424 -0.00219424
3.5000 1.5000 11.5000 -0.00219424 0.00219424 -0.00219424
3.5000 3.5000 -0.5000 -0.00066035 -1.5438e-05 -0.000394286
3.5000 3.5000 1.5000 -0.000687789 0.000362681 -0.000482692
3.5000 3.5000 3.5000 -0.00131756 -0.000315358 -0.000169876
3.5000 3.5000 5.5000 -0.000808595 0.000398566 -0.00156541
3.5000 3.5000 7.5000 -0.00219424 0.000345763 0.00219424
3.5000 3.5000 9.5000 -0.00219424 0.00219424 -0.00219424
3.5000 3.5000 11.5000 -0.00219424 0.00213075 -0.00219424
5.5000 -0.5000 -0.5000 0.000629908 -0.000338534 -0.00023825
5.5000 -0.5000 1.5000 -0.000668883 0.000817237 -0.000102452
5.5000 -0.5000 3.5000 -0.00116989 0.000423907 -0.000256858
5.5000 -0.5000 5.5000 -0.0013031 0.000573277 -0.00186037
5.5000 -0.5000 7.5000 0.00219424 -0.00124735 0.00187297
5.5000 -0.5000 9.5000 0.00219424 -0.00219424 0.00219424
5.5000 -0.5000 11.5000 0.00219424 -0.00219424 0.00219424
5.5000 1.5000 -0.5000 -0.000492545 0.000138846 -0.000180512
5.5000 1.5000 1.5000 -0.00219424 0.000349395 -0.000810665
5.5000 1.5000 3.5000 -0.00219424 -5.91782e-05 7.15081e-05
5.5000 1.5000 5.5000 -0.00219424 0.000812964 -0.00191479
5.5000 1.5000 7.5000 -0.00219424 -0.00219424 0.00219424
5.5000 1.5000 9.5000 -0.00219424 0.00219424 -0.00219424
5.5000 1.5000 11.5000 -0.00219424 0.00219424 -0.00219424
5.5000 3.5000 -0.5000 0.0010667 -0.000474845 0.00113709
5.5000 3.5000 1.5000 0.000486507 -0.000173141 0.000591828
5.5000 3.5000 3.5000 0.000760811 -0.000641054 0.00151427
5.5000 3.5000 5.5000 0.00219424 -0.000433962 0.00110307
5.5000 3.5000 7.5000 0.00219424 -0.00219424 0.00219424
5.5000 3.5000 9.5000 -0.00219424 0.00219424 -0.00219424
5.5000 3.5000 11.5000 0.00219424 -0.00106581 0.00219424
