160.984
160.986
160.98
160.963
160.982
160.967
160.98
160.971
160.979
160.978
160.974
160.977
160.978
161.003
160.895
160.797
160.797
160.797
160.798
160.798
160.797
160.798
161.17
160.8
160.823
160.799
160.799
160.799
160.799
160.799
130.681
130.681
130.681
130.681
130.677
130.677
130.681
130.681
130.677
130.677
130.677
130.677
380.261
380.3
380.437
380.432
380.437
380.432
380.437
380.432
380.437
380.432
380.437
380.427
380.437
380.427
380.437
380.427
380.437
380.427
380.399
380.359
380.325
380.297
380.297
380.297
380.437
380.432
380.394
380.359
380.325
380.297
380.297
380.437
380.432
380.394
380.359
380.325
380.297
380.297
380.437
380.637
380.427
380.358
380.325
380.297
380.297
380.3
380.405
380.306
380.3
380.404
380.315
380.332
380.307
380.317
380.317
380.317
380.317
380.3
380.404
380.3
380.33
380.3
380.296
380.299
380.3
380.301
380.302
380.302
380.302
380.302
380.3
380.332
380.341
380.338
380.338
380.338
380.338
380.3
380.3
380.312
380.307
380.311
380.299
380.299
380.301
380.301
380.301
380.301
380.301
380.301
380.301
380.3
380.405
380.329
380.305
380.314
380.319
380.322
380.322
380.322
380.319
380.317
380.319
380.318
380.311
380.321
380.321
380.3
380.351
380.354
380.322
380.326
380.326
380.326
380.3
380.351
380.354
380.322
380.326
380.326
380.326
380.437
380.427
380.399
380.359
380.325
380.297
380.297
380.411
380.364
380.32
380.295
380.297
380.297
380.297
380.297
380.3
380.351
380.354
380.322
380.326
380.326
380.3
380.3
380.351
380.354
380.322
380.326
380.326
380.326
380.3
380.351
380.354
380.322
380.326
380.326
380.326
380.3
380.3
380.301
380.301
380.301
380.301
380.3
380.424
380.394
380.338
380.475
380.474
380.402
380.35
380.344
380.342
380.343
380.344
380.344
380.344
380.344
380.344
380.3
380.3
380.3
380.3
380.3
380.424
380.394
380.338
380.475
380.474
380.402
380.35
380.344
380.342
380.343
380.344
380.344
380.344
380.344
380.344
380.3
380.424
380.394
380.338
380.475
380.476
380.406
380.37
380.343
380.343
380.343
380.344
380.344
380.344
380.344
380.344
380.327
380.882
380.3
380.3
380.426
380.4
380.352
380.485
380.344
380.417
380.376
380.356
380.358
380.361
380.36
380.36
380.36
380.36
380.36
380.36
380.3
380.426
380.399
380.352
380.432
380.381
380.406
380.357
380.348
380.349
380.344
380.346
380.34
380.341
380.34
380.339
380.34
380.339
380.43
380.357
380.398
380.38
380.367
380.346
380.34
380.34
380.34
380.339
380.339
380.339
380.339
380.339
380.339
380.339
380.339
380.339
380.339
380.339
380.339
380.339
380.339
380.339
380.339
380.339
380.339
380.339
380.339
380.3
380.426
380.401
380.351
380.454
380.336
380.373
380.362
380.341
380.346
380.34
380.341
380.341
380.445
380.445
380.3
380.426
380.401
380.351
380.454
380.336
380.373
380.362
380.341
380.346
380.34
380.341
380.341
380.445
380.445
380.407
380.356
380.347
380.339
380.341
380.341
380.341
380.341
380.341
380.341
380.341
380.341
380.341
380.341
319.841
330.842
323.808
319.455
320.819
321.278
320.978
320.857
320.826
320.845
320.83
320.827
320.826
320.06
321.373
321.418
320.864
320.872
320.839
320.829
320.826
320.826
320.826
320.826
320.826
320.826
320.826
320.826
319.841
328.693
328.468
328.941
328.425
328.821
328.62
328.536
328.473
328.659
328.51
328.48
329.157
329.18
329.282
329.439
329.33
329.296
329.287
329.283
329.282
329.282
329.282
329.282
329.282
329.282
319.841
329.505
319.37
320.319
318.74
320.956
319.839
319.857
319.848
319.857
319.85
319.848
319.848
319.848
319.848
319.848
319.848
319.841
329.691
321.375
320.489
321.577
319.618
320.488
320.486
320.488
320.489
320.489
320.489
320.489
320.489
322.937
331.947
320.858
320.222
324.024
322.896
322.944
322.942
322.949
322.943
322.942
322.942
322.942
322.942
322.937
331.947
320.858
322.937
331.62
322.803
321.667
323.319
322.838
322.948
322.955
322.95
322.949
322.949
322.948
322.948
322.948
322.948
322.948
322.948
322.937
331.62
322.954
324.783
325.221
322.89
322.949
322.943
322.938
322.938
322.937
322.937
322.937
322.937
322.937
322.937
322.937
322.937
322.937
322.937
322.937
322.937
322.937
322.937
322.937
322.937
322.937
322.937
322.937
322.937
322.937
322.937
322.937
322.937
322.937
322.937
322.937
332.024
322.929
321.867
320.8
323.693
322.82
322.93
322.939
322.937
322.937
322.937
322.937
322.937
322.937
322.937
322.937
322.937
322.937
322.937
322.937
322.937
322.937
322.937
322.937
322.937
322.937
322.937
322.937
322.937
322.937
322.937
322.937
322.937
322.937
322.937
322.937
322.937
322.937
322.937
322.937
331.099
321.651
320.362
323.331
322.796
322.927
322.936
322.937
322.937
322.937
322.937
322.937
322.937
322.937
322.937
322.937
322.937
322.937
322.937
322.937
322.937
322.937
322.937
322.937
322.937
322.937
322.937
322.937
322.937
322.937
322.937
322.937
332.515
322.677
320.478
321.174
324.663
322.704
322.921
322.937
322.936
322.937
322.937
322.937
322.937
322.937
322.937
322.937
322.937
322.937
322.937
322.937
322.937
322.937
322.937
322.937
322.937
322.937
322.937
322.937
322.937
322.937
322.937
322.937
322.937
322.937
330.175
322.849
322.993
323.22
322.808
322.937
322.936
322.937
322.937
322.937
322.937
322.937
322.937
322.937
322.937
322.937
322.937
322.937
322.937
322.937
322.937
322.937
322.937
322.937
322.937
322.937
322.937
322.937
322.937
322.937
322.937
322.937
322.937
322.937
322.937
330.59
325.834
321.83
320.778
324.388
322.732
322.934
322.939
322.937
322.937
322.937
322.937
322.937
322.937
322.937
322.937
322.937
322.937
322.937
322.937
322.937
322.937
322.937
322.937
322.937
322.937
322.937
322.937
322.937
322.937
322.937
322.937
322.937
331.098
322.219
319.894
320.103
323.746
322.915
322.947
322.941
322.937
322.937
322.937
322.937
322.937
322.937
322.937
322.937
322.937
322.937
322.937
322.937
322.937
322.937
322.937
322.937
322.937
322.937
322.937
322.937
322.937
322.937
322.937
322.937
322.937
322.937
322.937
322.937
331.979
323.46
325.418
321.499
323.022
322.893
322.948
322.938
322.937
322.937
322.937
322.937
322.937
322.937
322.937
322.937
322.937
322.937
322.937
322.937
322.937
322.937
322.937
322.937
322.937
322.937
322.937
322.937
322.937
322.937
322.937
322.937
332.495
324.102
321.109
322.661
322.964
322.97
322.93
322.935
322.937
322.937
322.937
322.937
322.937
322.937
322.937
322.937
322.937
322.937
332.409
324.04
321.869
322.985
323.019
322.951
322.93
322.936
322.937
322.937
322.937
322.937
322.937
322.937
322.937
322.937
325.418
330.873
325.137
318.208
323.068
320.851
325.205
325.345
325.398
325.413
325.417
325.418
325.418
325.418
325.418
325.418
325.418
325.418
325.418
325.418
325.418
325.418
325.418
325.418
325.418
325.418
325.418
325.418
325.418
325.418
322.937
331.62
322.803
321.667
323.319
322.838
322.948
322.955
322.95
322.949
322.949
322.948
322.948
322.948
322.948
322.948
322.948
270.212
270.233
270.223
270.22
325.418
328.888
331.258
332.062
331.579
331.436
330.544
331.527
330.156
329.815
329.918
329.813
330.417
331.04
330.76
330.993
331.746
330.827
330.28
329.543
330.678
331.636
330.818
331.646
329.787
330.762
330.997
329.089
330.704
330.927
330.16
329.629
329.308
328.722
329.695
329.842
328.865
328.516
329.097
328.62
329.457
328.476
330.284
329.636
328.711
328.344
329.999
329.436
328.988
328.451
325.418
329.185
329.041
329.294
321.817
324.222
329.804
330.55
325.775
334.949
325.528
330.09
331.153
329.476
331.964
334.4
335.73
332.074
332.7
335.009
336.421
331.39
330.836
333.239
336.042
331.336
331.798
334.468
332.14
331.291
333.394
330.328
333.25
331.54
333.176
333.971
333.113
334.881
334.016
335.214
332.149
333.8
334.566
333.112
335.415
334.182
333.238
333.217
335.06
334.537
325.418
327.23
325.094
322.799
320.043
323.283
326.8
326.826
321.526
323.885
323.751
323.682
326.581
326.332
326.249
326.258
326.322
326.283
326.333
325.761
325.927
326.208
326.49
326.277
326.424
326.313
326.284
326.277
333.913
325.704
326.001
327.315
327.499
326.684
326.409
326.305
326.283
326.278
326.277
326.277
326.277
325.418
329.185
329.041
329.294
321.817
324.222
329.804
330.55
325.775
334.949
325.528
330.09
331.153
329.476
331.964
334.4
335.73
332.074
332.7
335.029
336.546
331.679
334.076
332.453
334.71
332.131
335.546
333.988
333.956
334.679
334.463
334.002
333.482
334.771
335.168
335.436
334.298
335.243
335.078
334.074
335.033
334.967
334.086
335.597
334.018
334.641
334.23
335.002
335.23
335.977
325.418
329.185
329.041
329.294
321.817
324.222
329.804
330.55
325.775
334.949
325.528
330.09
331.153
329.476
331.964
334.4
335.73
332.074
332.7
335.029
336.546
331.679
334.076
332.453
334.71
332.131
335.546
333.988
333.956
334.679
334.463
334.002
333.482
334.771
335.168
335.436
334.298
335.243
335.078
334.074
335.033
334.967
334.086
335.597
334.018
334.641
334.23
335.002
335.23
335.977
335.007
336.047
335.908
335.467
335.245
335.653
334.852
334.708
335.279
335.543
335.045
334.414
335.054
336.069
333.68
335.583
335.05
334.911
335.768
334.513
335.648
335.594
334.781
332.203
333.452
335.612
335.508
335.187
336.129
334.372
334.741
333.384
332.852
332.919
334.787
333.333
333.914
334.964
332.756
334.098
334.157
334.701
334.056
336.303
333.897
334.26
335.297
335.079
335.299
335.522
335.523
319.518
329.805
334.485
329.191
329.231
329.926
325.682
333.996
331.492
328.657
309.457
327.824
307.41
327.681
329.446
333.352
335.115
332.008
336.466
332.732
335.551
334.742
333.393
334.033
334.641
334.363
334.047
334.962
334.323
335.093
334.305
335.439
332.923
334.23
335.971
334.645
332.978
335.667
333.991
335.05
332.409
335.775
335.523
332.877
334.959
334.742
335.711
334.751
334.88
335.523
318.546
326.619
327.078
322.844
330.043
324.725
328.84
333.219
330.38
329.258
329.197
334.649
328.849
332.509
333.299
333.082
335.121
334.365
335.583
334.529
333.864
336.959
331.989
334.653
332.661
334.285
334.24
333.29
332.342
333.067
333.671
333.576
332.715
334.83
334.829
331.035
334.83
331.035
325.608
333.606
327.547
327.332
329.968
334.044
330.152
332.075
329.067
330.898
334.04
333.772
331.241
331.244
330.147
327.891
330.081
330.819
329.686
332.668
333.649
331.168
334.869
332.465
331.7
333.317
333.563
329.68
331.811
333.54
333.244
334.154
333.527
331.464
333.003
331.248
334.458
331.223
331.376
331.771
331.549
332.108
331.127
332.501
332.913
332.131
331.24
333.028
332.168
333.75
333.314
330.846
332.307
331.764
332.671
332.215
332.876
333.674
333.066
333.905
334.271
331.995
333.276
332.551
331.577
329.302
330.823
330.762
329.266
331.893
330.553
330.922
329.269
332.057
330.617
331.288
330.542
331.884
332.012
332.378
331.877
330.607
330.786
329.35
329.386
330.51
330.145
328.027
327.774
328.753
330.309
330.842
331.149
331.657
330.115
330.984
331.994
329.512
329.512
326.138
330.41
333.055
325.164
334.293
324.109
332.081
336.016
332.555
331.057
330.559
331.542
333.207
334.293
331.755
334.757
334.031
334.219
334.483
336.159
335.418
331.755
335.158
334.766
333.685
333.852
334.611
333.794
334.385
331.966
333.656
334.241
332.686
331.791
331.098
332.562
333.51
333.207
333.744
332.55
330.588
332.517
331.106
334.405
332.282
331.782
332.631
334.297
334.171
331.225
335.05
334.457
334.382
333.456
334.149
335.044
332.02
334.603
333.877
333.762
332.953
333.709
332.352
333.713
333.089
333.024
335.13
334.276
332.966
333.175
333.772
334.297
333.617
334.138
335.313
332.591
333.525
334.098
333.496
334.02
333.174
333.504
333.857
333.111
333.331
333.562
332.539
333.308
334.385
335.848
334.034
333.458
334.609
334.489
334.418
334.04
333.646
334.294
332.793
333.584
333.894
334.073
332.525
333.239
333.51
333.165
333.963
334.187
334.722
333.463
333.053
332.543
334.615
333.999
332.578
333.943
333.364
334.178
332.142
333.638
333.86
334.018
332.175
333.983
333.37
333.821
332.557
334.106
334.71
333.638
333.377
333.185
333.709
333.781
332.18
334.688
334.208
334.018
333.387
333.816
334.201
334.193
333.875
334.962
333.395
333.334
332.817
332.466
332.636
334.135
333.353
332.935
332.305
333.049
333.035
333.39
332.485
332.318
334.706
332.599
332.194
332.532
332.613
333.516
333.073
332.426
333.445
333.445
326.038
327.842
327.687
325.66
335.206
326.062
324.64
328.662
324.216
336.394
335.035
321.406
333.91
330.522
329.242
333.615
333.827
333.274
333.635
332.802
333.722
330.988
331.765
335.998
328.584
329.602
331.077
331.959
328.689
331.232
333.433
334.603
331.341
331.254
333.53
334.229
331.318
334.712
334.387
332.981
331.154
334.801
332.904
333.771
335.312
333.932
333.861
333.419
333.686
334.766
332.927
333.763
333.205
334.114
333.642
333.462
334.063
333.531
333.348
334.449
334.051
333.712
333.471
333.566
333.121
333.392
332.159
333.378
332.626
333.646
333.743
333.105
333.28
333.154
333.479
334.447
333.749
333.708
334.341
333.835
333.556
334.881
333.21
334.71
333.467
334.356
333.958
333.504
334.074
334.452
334.172
333.102
333.154
334.819
333.51
333.314
334.132
334.081
334.151
332.751
333.488
334.45
334.215
333.403
334.04
333.427
334.895
333.466
334.4
333.278
333.896
334.838
333.856
333.975
335.415
334.313
334.474
334.965
333.499
334.376
334.06
334.69
334.411
334.177
334.255
334.243
334.228
333.654
333.586
334.212
332.856
334.183
334.577
333.798
334.431
333.753
334.584
334.804
334.026
334.266
334.086
333.682
335.354
333.571
334.571
334.328
333.791
333.224
333.413
335.234
334.163
334.374
335.24
334.69
334.365
334.277
335.854
334.121
334.259
334.897
334.208
334.849
333.091
335.452
334.334
333.704
333.878
334.358
333.651
333.263
334.234
333.518
333.477
333.741
333.246
333.514
333.55
334.46
334.321
334.302
334.439
333.779
334.204
334.045
334.222
334.863
333.927
333.642
333.654
332.992
335.124
333.843
335.235
334.269
333.706
333.492
333.169
333.891
332.595
332.595
326.728
330.797
333.191
333.826
323.398
326.607
331.081
330.869
330.032
332.215
331.892
326.465
335.534
332.278
329.606
332.774
331.422
327.976
333.912
331.115
334.062
334.176
328.878
332.777
335.981
333.271
336.78
332.341
333.832
335.791
335.721
335.202
334.162
337.371
336.631
335.84
335.461
336.207
336.882
336.907
335.85
336.456
334.998
336.081
335.667
336.424
336.954
334.916
336.206
335.024
335.091
334.259
334.578
334.654
334.866
335.443
334.615
334.226
335.027
334.898
335.49
335.29
334.978
335.223
333.864
335.523
335.127
336.695
334.739
335.428
336.449
335.141
334.454
335.025
334.79
334.419
334.923
334.68
335.103
335.145
335.34
334.033
334.753
335.685
335.137
334.208
334.457
334.514
332.591
333.286
333.63
334.769
332.875
334.208
333.921
335.091
334.666
335.187
334.915
333.79
333.868
336.238
336.074
335.244
335.016
335.31
334.014
334.603
334.877
334.339
335.953
334.461
334.346
335.855
334.218
334.089
333.934
334.88
334.202
333.476
333.84
333.349
333.005
332.937
333.397
333.953
333.859
333.606
334.361
335.418
333.258
334.6
333.221
333.929
332.314
332.661
333.254
334.36
333.779
333.59
332.568
333.893
333.855
333.715
333.406
332.951
333.374
333.332
333.694
333.953
334.642
333.592
333.129
334.374
334.278
331.965
334.46
333.316
332.314
334.556
334.082
333.807
333.476
333.165
333.138
333.071
331.809
335.162
334.659
333.704
333.141
333.458
332.233
333.684
333.252
333.451
332.164
333.33
332.501
335.467
333.344
333.672
333.559
334.494
333.264
333.879
333.729
333.583
334.697
334.14
333.207
334.565
333.72
333.433
334.278
333.745
332.565
331.53
332.304
332.954
333.487
334.777
332.992
334.258
334.034
333.695
333.606
334.039
333.691
333.935
334.414
333.761
334.298
333.454
334.107
333.784
333.4
334.309
333.214
334.995
334.572
334.634
333.21
333.793
333.509
333.744
334.079
334.283
333.767
333.55
334.542
334.857
333.313
335.103
334.083
334.615
333.661
334.72
332.646
333.921
333.263
333.196
333.562
334.156
333.449
333.932
333.545
334.279
333.003
334.831
333.915
334.155
333.47
334.176
335.184
333.583
334.574
334.701
332.64
332.324
333.324
333.44
332.788
333.767
333.931
333.012
334.201
332.657
332.219
333.399
332.939
333.53
332.85
333.668
333.661
334.32
334.305
333.84
334.883
333.635
333.838
331.406
334.202
333.971
332.055
334.038
322.937
327.918
324.429
329.239
327.136
327.531
318.595
329.376
327.631
333.946
330.706
330.47
326.775
330.596
330.353
325.609
328.88
324.171
328.602
331.833
330.059
329.481
326.747
331.264
328.375
329.852
331.478
330.714
331.392
331.84
330.264
331.955
333.201
333.051
332.212
330.755
330.907
331.569
331.419
330.761
331.332
332.807
332.194
330.425
330.056
331.793
331.523
330.498
331.944
331.59
332.025
332.441
332.082
331.668
333.516
333.213
333.014
331.587
333.314
333.873
333.257
333.156
333.408
333.527
332.961
333.185
333.606
332.562
333.059
331.072
332.118
331.526
331.39
331.456
332.026
332.553
331.846
330.686
331.737
330.884
332.389
330.697
331.669
332.465
331.223
331.262
332.513
331.755
331.437
331.797
332.227
331.693
331.833
331.777
331.125
332.144
330.924
331.429
331.758
332.921
332.068
330.227
331.285
331.16
332.052
331.712
331.424
331.008
331.297
331.783
330.226
331.639
331.142
330.126
330.073
331.727
331.089
331.084
330.038
329.957
330.013
331.505
331.081
331.533
330.147
331.413
331.151
329.609
331.199
330.413
330.999
330.617
330.734
329.442
330.601
329.092
330.91
331.163
330.626
330.568
331.207
332.152
331.783
330.567
331.513
331.244
331.489
330.866
330.638
331.243
331.655
330.708
330.992
331.268
330.703
331.108
331.047
329.454
332.3
330.38
330.621
330.156
330.726
330.08
330.464
330.134
331.169
330.878
330.898
330.607
331.322
329.779
331.057
328.941
330.457
329.709
329.19
330.208
330.633
330.244
329.852
322.937
322.937
330.788
329.127
325.943
329.025
329.005
334.504
334.744
326.471
329.431
326.554
323.653
331.916
325.944
332.211
333.86
332.439
334.047
328.947
331.042
329.315
333.095
332.03
331.796
333.779
332.622
334.46
333.263
333.902
333.997
333.027
334.303
334.524
333.786
335.479
333.842
334.068
334.391
334.704
336.52
335.786
336.446
334.868
336.025
336.601
337.208
332.846
337.505
336.631
335.449
337.681
335.813
336.955
336.796
337.151
336.437
336.786
337.646
336.837
337.122
336.949
338.061
337.844
337.272
337.84
337.498
337.648
336.729
338.341
336.943
336.782
336.448
336.647
336.233
322.937
329.512
330.276
326.535
329.473
328.364
328.584
324.21
330.965
331.193
327.879
331.898
331.253
332.525
329.735
334.954
332.798
330.867
334.008
331.448
333.334
328.503
333.691
334.764
328.211
331.028
331.565
328.845
330.463
329.588
327.189
329.303
327.668
324.029
323.317
330.951
329.099
330.406
330.131
332.582
334.212
330.005
332.734
331.749
332.493
334.289
331.909
332.285
331.83
330.289
330.774
332.785
332.181
332.231
333.454
331.617
333.588
331.763
332.103
332.079
330.855
332.675
332.933
334.8
332.656
332.928
334.633
333.163
334.947
333.415
332.157
333.246
333.585
332.442
331.612
332.583
331.267
330.874
332.367
331.681
332.265
331.851
331.888
331.355
330.381
331.31
331.128
331.486
330.992
331.603
328.341
330.679
330.61
330.104
332.475
331.906
330.968
331.64
331.3
331.362
332.92
331.753
333.309
331.609
332.329
332.421
332.576
330.922
332.949
332.335
333.646
331.385
332.965
330.658
330.028
329.779
330.482
328.167
330.588
328.215
329.595
327.871
331.117
330.201
331.634
330.287
331.796
329.138
330.289
330.421
332.146
328.83
331.493
328.475
331.33
329.793
329.665
329.002
330.345
329.794
329.898
329.568
331.019
330.109
330.676
330.548
331.041
329.18
330.034
329.512
330.266
328.42
330.86
330.007
329.656
330.15
328.75
330.137
331.822
328.867
329.288
327.984
329.474
329.804
329.469
329.004
329.666
330.898
330.772
329.724
329.434
329.225
330.978
329.249
330.835
331.299
331.685
329.997
331.412
331.377
333.311
328.611
332.372
329.828
331.215
329.851
332.075
330.922
333.563
332.215
333.258
331.047
332.87
331.038
330.429
330.946
333.527
329.396
331.065
327.7
332.029
330.673
331.13
330.493
332.621
330.104
328.297
330.188
332.099
328.705
330.331
329.347
328.003
329.185
327.587
326.522
329.822
325.925
329.709
330.539
331.601
329.542
330.096
329.1
332.1
326.496
329.299
326.651
329.945
326.07
328.337
328.139
328.688
328.415
328.653
328.275
328.911
329.508
327.88
326.986
326.851
326.346
327.918
326.394
327.419
326.04
326.397
324.627
326.05
325.097
326.606
323.338
326.75
324.936
327.703
325.589
327.781
325.488
324.148
322.599
327.395
325.755
326.838
324.845
325.802
325.166
328.483
324.641
328.377
326.473
327.262
322.673
326.971
325.845
326.126
325.689
327.009
326.977
327.005
328.264
326.911
328.543
329.169
328.971
327.164
326.998
325.919
328.945
327.573
329.946
328.604
329.905
329.528
329.824
326.361
331.796
327.521
328.794
326.951
329.693
324.998
330.268
326.301
330.702
326.156
330.296
328.133
331.019
324.108
329.814
330.237
330.696
326.873
329.771
328.024
329.211
328.941
328.046
328.236
327.638
326.764
328.222
325.846
329.61
327.955
328.764
326.045
327.431
327.219
327.667
327.103
327.668
328.157
328.01
325.044
328.609
326.577
326.248
327.874
325.622
328.879
326.847
324.046
326.964
324.553
328.262
323.56
325.939
324.965
328.606
324.296
327.087
325.83
326.359
324.721
326.517
323.003
327.37
327.073
326.424
325.316
326.193
324.949
328.583
325.056
327.995
324.944
326.33
325.461
327.196
324.576
328.062
323.313
328.029
324.703
328.048
325.13
324.885
324.269
328.344
324.567
328.666
322.054
327.974
325.66
327.619
324.302
327.67
325.437
328.293
325.919
328.278
324.351
327.768
324.532
326.169
323.357
326.866
324.397
326.531
322.508
326.492
324.664
326.217
325.315
327.057
324.201
327.112
322.897
326.491
324.788
328.872
324.95
328.517
325.89
327.117
326.735
328.314
327.641
330.56
326.481
328.329
325.731
328.902
326.737
328.479
325.48
327.15
325.853
326.928
325.607
328.328
324.866
328.877
325.254
326.743
327.222
328.461
327.83
326.194
327.269
326.967
326.206
325.841
327.282
325.9
325.198
325.993
328.199
327.606
325.433
326.613
327.842
327.325
330.816
330.673
327.873
329.43
327.627
328.517
325.354
327.558
324.695
327.503
325.098
326.676
326.421
328.24
325.465
326.65
325.202
327.413
324.974
327.272
329.402
328.45
329.235
328.067
328.063
329.883
328.297
328.604
328.034
328.548
327.142
328.363
329.591
327.393
327.941
324.967
325.586
326.303
326.9
325.629
326.001
326.323
325.939
324.951
327.342
327.418
325.751
327.362
327.888
326.647
328.183
326.897
326.228
327.819
327.172
328.609
325.894
328.781
327.889
327.02
327.499
327.888
327.521
327.631
326.087
328.626
327.832
326.241
326.276
326.336
327.19
327.082
324.942
327.184
325.3
326.673
325.626
325.997
327.286
327.199
325.575
329.115
326.813
329.374
328.115
326.713
327.284
326.94
326.344
327.643
327.871
327.78
325.58
328.455
326.573
327.824
326.359
327.219
326.928
328.783
326.451
328.46
327.234
329.916
327.143
327.846
327.462
330.784
325.802
325.806
327.892
326.28
325.36
327.818
324.243
329.347
327.823
327.943
329.246
327.843
326.683
327.907
325.881
329.083
326.916
330.454
325.139
330.532
326.15
330.139
326.041
330.415
326.371
329.516
328.094
328.696
326.942
329.043
327.015
328.575
326.908
329.481
323.804
328.416
325.867
328.922
